chromosome	start	end	length	genotype	rpkm	ndiscordant	nsplit	nconcordant	snv_coverage	nsnvs	allele_ratio	nhets	RLCR	tagCNV
1	4204667	4204717	50	DEL	8.31969767328	0	290	1295	0	0	0	0	0	0
1	7570074	7571521	1447	DEL	0.174147092598	21	14	367	0	0	0	0	0	0
1	9595360	9597869	2509	DEL	0.222125580438	12	0	521	40.5	2	0.5114942528735632	2	0.056197688322	1.0
1	10482499	10483790	1291	DEL	0.163175067079	15	13	374	0	0	0	0	0	1.0
1	11682873	11683189	316	DEL	0.379733036451	4	40	569	0	0	0	0	0	0.876
1	16151682	16155632	3950	DEL	0.194085774186	8	6	463	20.0	51	0.3333333333333333	5	0.00582278481013	1.0
1	31244650	31244744	94	DEL	0.780113495687	0	2	559	48.0	1	0	0	0	0
1	31574934	31577199	2265	DEL	0.168352969842	14	0	408	17.0	10	0.4166666666666667	9	0.0172185430464	0
1	35101427	35111985	10558	DEL	0.154821677138	27	26	391	20.0	3	0	0	0.0325819283955	0.814
1	35627104	35627431	327	DEL	0.11416506648	2	0	406	0	0	0	0	0.318042813456	0
1	36733282	36733515	233	DEL	0.0114445054381	0	0	368	0	0	0	0	0	0
1	36749217	36749269	52	DEL	1.38456507137	0	4	641	40.0	1	0	0	0	0
1	37816478	37816722	244	DEL	0.00546428230958	0	84	443	2.0	7	0	0	0	0
1	39998246	40001288	3042	DEL	0.180576387909	16	0	444	30.0	10	0.3181818181818182	10	0.0696909927679	0.488
1	53594104	53594942	838	DEL	0.194105913833	6	14	337	20.0	3	0	0	0.0477326968974	0.935
1	53594175	53595598	1423	DEL	0.182705939768	5	0	379	20.0	5	0	0	0.0281096275474	0.935
1	53595112	53595602	490	DEL	0.223121143776	6	22	383	20.5	2	0	0	0	0.931
1	58743910	58744826	916	DEL	0.0553109449503	37	42	244	0	0	0	0	0	0
1	60048628	60049655	1027	DEL	0.0129823260325	33	29	225	0	0	0	0	0	0.755
1	68007970	68008811	841	DEL	0.00951213947828	37	7	195	1.0	6	0	0	0	0
1	72766343	72811815	45472	DEL	0.0	37	45	236	0	0	0	0	0.00725721323012	0
1	72778537	72784594	6057	DEL	0.0	0	0	0	0	0	0	0	0.0277365032194	0
1	74312425	74312678	253	DEL	0.216065929743	2	128	513	0	0	0	0	0	0
1	78649157	78654148	4991	DEL	0.196880576872	17	9	468	28.0	7	0	0	0.478461230214	1.0
1	80221781	80223032	1251	DEL	0.21315505732	21	19	421	25.5	4	0	0	0	0
1	88873547	88873598	51	DEL	0.967285111587	0	26	553	46.0	1	0	0	0	0
1	89475930	89478613	2683	DEL	0.186351782082	10	1	454	28.0	5	0.12	5	0.0965337308982	0.955
1	92232051	92233331	1280	DEL	0.155202693474	11	13	352	0	0	0	0	0	0.654
1	94288372	94291260	2888	DEL	0.0138499122251	28	26	232	15.0	1	0	0	0.0145429362881	0
1	105218662	105219460	798	DEL	0.225555713381	17	20	417	0	0	0	0	0	0
1	108402972	108405499	2527	DEL	0.195745426115	17	28	388	33.0	1	0	0	0	0.834
1	109573240	109575184	1944	DEL	0.207125532319	20	18	427	7.0	4	0	0	0.0246913580247	1.0
1	110187159	110191392	4233	DEL	0.00692942769616	22	0	218	7.0	8	0	0	0.0337821875738	0.451
1	112074694	112074805	111	DEL	0.624601927423	0	36	526	0	0	0	0	0	1.0
1	112834896	112837824	2928	DEL	0.0573749642506	19	18	357	3.0	3	0	0	0.782786885246	0
1	116229468	116232839	3371	DEL	0.161766098299	28	23	423	23.0	5	0	0	0.0430139424503	1.0
1	117002162	117002292	130	DEL	0.410241502627	0	34	488	0	0	0	0	0	1.0
1	144973077	144989257	16180	DUP	0.537104503764	0	0	903	71.0	47	0.8326465201465202	34	0	0
1	152555495	152586932	31437	DEL	0.156667441543	0	0	355	28.0	1	0	0	0.00578935649076	1.0
1	152760084	152770547	10463	DEL	0.0107039979181	2	0	287	11.0	3	0	0	0.103029723789	0.717
1	153133703	153133960	257	DEL	0.306084856532	0	28	535	0	0	0	0	0	1.0
1	157540655	157540871	216	DEL	0.0987618432251	0	48	398	0	0	0	0	0	0
1	158867540	158869980	2440	DEL	0.0	32	31	242	0	0	0	0	0	0
1	158961353	158966208	4855	DEL	0.192509310682	16	10	405	26.0	1	0	0	0.00288362512873	1.0
1	159648708	159649659	951	DEL	0.210297300243	14	10	444	0	0	0	0	0	0
1	165731209	165731489	280	DEL	0.166660610442	2	68	432	0	0	0	0	0	0
1	171783587	171783649	62	DEL	0.903192985623	0	10	508	46.0	1	0.84	1	0	0.927
1	180749765	180755414	5649	DEL	0.179612284718	18	16	441	18.0	2	0	0	0.0143388210303	1.0
1	181043348	181043808	460	DEL	0.26086008591	3	0	428	0	0	0	0	0	0
1	185009806	185011738	1932	DEL	0.139401421571	15	16	417	22.0	1	0	0	0.00258799171843	1.0
1	187464747	187466829	2082	DEL	0.184431338357	10	15	424	0	0	0	0	0	1.0
1	187716053	187722514	6461	DEL	0.00453989590433	30	34	211	0	0	0	0	0.00263117164526	0
1	188539457	188540228	771	DEL	0.0	43	52	315	0	0	0	0	0	0
1	189704477	189783356	78879	DEL	0.15587866474	14	13	374	23.0	157	0.7055555555555556	2	0.0844331190811	0
1	189771446	189777754	6308	DEL	0.173952672662	0	0	276	23.5	18	0	0	0.0128408370323	0
1	190837319	190837490	171	DEL	0.148142764838	0	84	502	0	0	0	0	0	0
1	194451056	194454312	3256	DEL	0.00532331188145	30	10	195	0	0	0	0	0.220823095823	0
1	194517604	194517863	259	DEL	0.128695452079	6	54	509	0	0	0	0	0	0
1	197894025	197894310	285	DEL	0.308760709872	4	52	557	0	0	0	0	0	1.0
1	207292375	207292595	220	DEL	0.0	0	4	221	2.0	1	0	0	0	0
1	207292405	207293149	744	DEL	0.0	27	14	275	0	0	0	0	0	0
1	211965009	211965782	773	DEL	0.213877523362	8	8	386	15.0	1	0	0	0	1.0
1	212471179	212472619	1440	DEL	0.155549903079	13	14	328	0	0	0	0	0.798611111111	0
1	213083966	213086597	2631	DEL	0.0648652470897	5	0	260	5.5	16	5.0	3	0.82706195363	0
1	217269958	217270023	65	DEL	0.840995080386	0	10	535	41.0	1	0.3225806451612903	1	0	0.893
1	222374169	222380531	6362	DEL	0.158225414504	23	19	399	21.0	5	0	0	0.0326941213455	1.0
1	229373395	229373771	376	DEL	0.248217930446	7	32	485	0	0	0	0	0	1.0
1	229812540	229820837	8297	DEL	0.00192833778504	41	37	259	0	0	0	0	0.012775702061	0.809
1	232836575	232836759	184	DEL	0.413028469357	0	18	462	0	0	0	0	0	0.941
1	233962115	233963557	1442	DEL	0.0462304051158	38	8	303	0	0	0	0	0.180305131761	0
1	234318645	234319749	1104	DEL	0.251198601246	13	18	444	29.0	1	0	0	0	1.0
1	235537077	235538345	1268	DEL	0.243944868281	14	0	470	43.0	4	0.37471264367816093	4	0.171924290221	0
1	236279278	236279832	554	DEL	0.341744500835	6	2	536	0	0	0	0	0.0072202166065	0.512
1	236548998	236551425	2427	DEL	0.183484611084	19	22	401	19.0	3	1.1111111111111112	1	0.805521219613	0
1	240641200	240641602	402	DEL	0.152564936922	7	0	347	0	0	0	0	0.26368159204	0.114
1	241586225	241586489	264	DEL	0.247465754899	4	68	444	0	0	0	0	0	0
1	243782747	243783759	1012	DEL	0.0	26	33	264	7.0	11	0	0	0	0.5
1	246125965	246126155	190	DEL	0.407002753922	2	24	506	0	0	0	0	0	0.898
1	246167282	246167379	97	DEL	0.646024634292	0	26	533	47.0	1	0.46875	1	0	0.955
1	247959050	247959103	53	DEL	1.28297224642	0	14	620	46.0	1	0.7692307692307693	1	0	0
1	248755655	248758478	2823	DEL	0.0	0	0	0	0	0	0	0	0	0.603
1	248839443	248841018	1575	DEL	0.143910114414	13	16	401	21.5	12	0.13793103448275862	2	0.640634920635	0
1	248849861	248850138	277	DEL	0.360997712149	2	34	548	0	0	0	0	0	1.0
2	1826537	1826595	58	DEL	0.850543805016	0	8	480	28.0	1	1.0	1	0	0
2	2798774	2799246	472	DEL	0.0395465855287	13	26	245	0	0	0	0	0	0
2	3732802	3738024	5222	DEL	0.171575534611	11	11	369	0	0	0	0	0	0
2	4212110	4223633	11523	DEL	0.173212485521	7	0	529	23.0	21	0	0	0.00199600798403	1.0
2	14704165	14710160	5995	DEL	0.154567638709	19	20	318	31.0	1	0	0	0	0
2	14706436	14709955	3519	DEL	0.147006119583	0	0	304	0	0	0	0	0	0
2	16271567	16273799	2232	DEL	0.0107522974479	12	0	178	6.0	11	0	0	0	0
2	18906158	18907341	1183	DEL	0.358397796251	19	33	570	41.0	1	0.782608695652174	1	0	0
2	22688399	22690107	1708	DEL	0.203739668972	8	0	438	26.0	9	0.42857142857142855	9	0.00702576112412	0.488
2	28661665	28661718	53	DEL	1.40875383921	0	10	608	54.0	1	0.7419354838709677	1	0	0.891
2	33224462	33227296	2834	DEL	0.187243254639	16	21	412	22.5	8	0	0	0.00282286520819	1.0
2	34523576	34525669	2093	DEL	0.20575777228	13	24	429	21.0	4	0	0	0.178213091257	0.951
2	35772266	35772319	53	DEL	1.13203433508	0	14	597	55.0	1	0.9642857142857143	1	0	1.0
2	35975766	35997215	21449	DEL	0.00571878452541	15	0	332	12.0	15	0	0	0.155438481981	0.083
2	40446946	40447073	127	DEL	0.493420389971	0	28	466	49.0	1	0.5806451612903226	1	0	1.0
2	41973027	41976041	3014	DEL	0.123861900262	22	21	398	12.0	1	2.0	1	0.820504313205	0
2	42346265	42347320	1055	DEL	0.165554805444	12	12	408	11.0	7	0	0	0	0.81
2	48990526	48991166	640	DEL	0.306238871688	13	29	517	29.0	1	0	0	0.184375	0
2	49561482	49561626	144	DEL	0.203696301652	2	66	538	0	0	0	0	0	0
2	51926595	51927817	1222	DEL	0.234579582619	19	19	433	27.0	1	0	0	0.109656301146	0
2	51973822	51974238	416	DEL	0.243580892185	12	50	459	0	0	0	0	0	1.0
2	52749687	52785269	35582	DEL	7.49415369309e-05	35	37	211	0	0	0	0	0.0518801641279	0
2	54565490	54567478	1988	DEL	0.0234733254144	30	35	248	0	0	0	0	0	0
2	59623256	59631071	7815	DEL	0.180842223487	20	24	487	14.0	1	0	0	0.0216250799744	1.0
2	59644944	59644994	50	DEL	1.0932936045	0	20	499	49.0	1	0	0	0	0
2	66505568	66507543	1975	DEL	0.193748233709	19	29	442	0	0	0	0	0	1.0
2	70125033	70125561	528	DEL	0.0883806267497	17	49	310	0	0	0	0	0	0
2	76557061	76557292	231	DEL	0.0981205325548	0	74	428	0	0	0	0	0	0.911
2	76773559	76775450	1891	DEL	0.0	28	33	216	0	0	0	0	0	0
2	78117886	78118362	476	DEL	0.254892698324	9	36	419	17.0	1	0	0	0	0.885
2	79076573	79081208	4635	DEL	0.00575311708107	38	33	223	11.0	5	0	0	0.0373247033441	0
2	88429838	88430152	314	DEL	0.365167197402	4	92	523	42.0	1	0.68	1	0	0
2	89132270	89155860	23590	DEL	0.00791266993198	0	0	93	3.0	8	0	0	0.000508690122933	0
2	102232538	102233564	1026	DEL	0.230011134879	11	12	419	29.0	1	0	0	0	0
2	106694799	106696035	1236	DEL	0.240552207952	14	14	417	0	0	0	0	0	0.959
2	106695055	106695893	838	DEL	0.235472747928	13	14	408	0	0	0	0	0	0.959
2	106695492	106695752	260	DEL	0.364089333582	2	7	361	0	0	0	0	0	0.959
2	108855423	108856274	851	DEL	0.0	25	23	219	7.5	4	0	0	0	0
2	109310556	109312112	1556	DEL	0.138812436461	8	15	360	0	0	0	0	0.136246786632	1.0
2	109689981	109695337	5356	DEL	0.147368306769	9	1	395	14.0	7	0	0	0.0151232262883	0
2	111576391	111576633	242	DEL	0.385660916726	0	28	503	0	0	0	0	0	0.947
2	114151313	114153614	2301	DEL	0.180784390988	8	5	398	15.0	3	0.6666666666666666	3	0.929161234246	0
2	116662058	116662652	594	DEL	0.296285529675	12	18	436	0	0	0	0	0	0.874
2	119713987	119714124	137	DEL	0.671508444994	2	44	625	36.0	1	0	0	0.0583941605839	1.0
2	121797802	121798397	595	DEL	0.0649836329792	15	29	267	0	0	0	0	0.0151260504202	0
2	123364885	123365367	482	DEL	0.154904467797	4	34	419	0	0	0	0	0	1.0
2	123477289	123482545	5256	DEL	0.18238809575	0	0	439	20.0	6	0.25098039215686274	4	0.00646879756469	1.0
2	126443247	126451831	8584	DEL	0.162311591717	14	14	395	30.0	5	0	0	0	1.0
2	126509711	126510598	887	DEL	0.151817106243	11	16	366	0	0	0	0	0.791431792559	1.0
2	127674757	127677270	2513	DEL	0.00583610573773	37	42	231	0	0	0	0	0	0
2	129638388	129646200	7812	DEL	0.180911671345	19	14	375	26.5	16	0.4	1	0.0883256528418	0
2	130242119	130251575	9456	DEL	0.151432737407	16	17	421	22.0	11	0	0	0.00317258883249	0
2	130243468	130249517	6049	DEL	0.147677446185	0	0	253	22.0	6	0	0	0	0
2	133671912	133674536	2624	DEL	0.169709280146	15	0	411	20.0	1	0	0	0	0
2	138490123	138490496	373	DEL	0.318129637091	6	34	583	0	0	0	0	0	0.871
2	139942337	139942387	50	DEL	1.78660174394	0	14	613	51.0	1	1.04	1	0	0
2	146842402	146842549	147	DEL	0.299308851407	0	90	626	0	0	0	0	0	0
2	146862622	146876866	14244	DEL	0.00224647832104	42	49	257	0	0	0	0	0	0
2	146868295	146876318	8023	DEL	0.0	0	0	0	0	0	0	0	0	0
2	151031127	151038285	7158	DEL	0.173226451759	22	20	442	41.0	1	0.7083333333333334	1	0.217239452361	0
2	152041204	152041492	288	DEL	0.319432836681	2	42	516	24.0	2	0	0	0	1.0
2	154064575	154064678	103	DEL	0.828448859674	0	98	546	54.0	1	0	0	0	0
2	154494940	154495150	210	DEL	0.0	0	40	383	0	0	0	0	0	0
2	155818938	155833162	14224	DEL	0.191687822472	0	0	520	17.0	5	0	0	0.00126546681665	0
2	159958908	159961502	2594	DEL	0.0544827284715	4	0	327	13.0	4	0.6190476190476191	4	0.3299922899	0.102
2	167494545	167500589	6044	DUP	0.487738728905	5	0	769	71.5	14	0	0	0	0
2	167545980	167547056	1076	DEL	0.00371733703589	18	0	255	0	0	0	0	0.647769516729	0
2	167550210	167550286	76	DEL	0.754358552528	0	44	518	37.5	2	0	0	0	0
2	169606131	169606207	76	DEL	0.631555997466	0	46	567	40.0	1	0	0	0	0
2	177265639	177272040	6401	DEL	0.157677965449	15	19	340	21.0	5	0	0	0	1.0
2	178287642	178288052	410	DEL	0.0	4	76	383	0	0	0	0	0	0
2	180065283	180082019	16736	DEL	0.181956421726	12	0	571	34.5	10	0.28377016129032256	8	0.169514818356	1.0
2	182856891	182857589	698	DEL	0.280792088653	14	29	499	0	0	0	0	0	1.0
2	183354710	183354784	74	DEL	0.324312539239	0	36	433	31.0	1	0	0	0	0
2	184085515	184090985	5470	DEL	0.163065372411	17	20	410	19.0	5	0	0	0.00347349177331	1.0
2	191680779	191680874	95	DEL	0.491210220251	0	86	589	42.0	1	0	0	0	0
2	194689469	194698782	9313	DEL	0.00343593226725	23	23	245	0	0	0	0	0.166648770536	0
2	196214818	196215228	410	DEL	0.0943055161527	25	84	377	0	0	0	0	0	0
2	200312454	200312679	225	DEL	0.106662790683	2	93	484	0	0	0	0	0	0
2	202549931	202550000	69	DEL	1.06276331297	0	6	534	29.0	1	1.6363636363636365	1	0.0289855072464	0
2	204181530	204191631	10101	DEL	0.164994169332	6	0	471	17.0	14	0.3076923076923077	7	0.014454014454	0
2	208351101	208359313	8212	DEL	0.155376721085	6	0	426	19.0	25	0.12121212121212122	2	0.0208231855821	1.0
2	209942971	209948927	5956	DEL	0.156699029294	3	0	410	21.0	12	0.5294117647058824	3	0.597044996642	0
2	212161556	212161620	64	DEL	1.20828942571	0	14	507	47.0	4	0.8076923076923077	4	0	0
2	212700043	212700116	73	DEL	0.639246177039	0	36	566	49.0	1	0.96	1	0	0.884
2	214778297	214778363	66	DEL	0.707045013998	0	18	511	39.0	3	0.625	3	0	0
2	215728762	215730832	2070	DEL	0.196450188154	14	23	492	26.0	3	0	0	0	0.933
2	217158346	217158727	381	DEL	0.283454266579	8	24	472	19.0	3	0	0	0	1.0
2	217955891	217957273	1382	DEL	0.0356957602684	34	41	288	0	0	0	0	0	0
2	220052322	220052915	593	DEL	0.0629544295769	3	16	129	0	0	0	0	0	0
2	220052751	220056378	3627	DEL	0.0224235946777	27	0	208	7.0	6	0	0	0.0278467052661	0
2	221882974	221883170	196	DEL	0.312913799198	4	30	417	0	0	0	0	0	1.0
2	226403489	226403546	57	DEL	1.09937525485	0	6	555	39.0	3	1.2941176470588236	3	0	0
2	233332725	233333474	749	DEL	0.194029442331	19	12	393	10.0	1	0	0	0.00934579439252	1.0
2	237701915	237701977	62	DEL	0.709651631561	0	8	510	22.0	1	0.8333333333333334	1	0	0
2	242608433	242608488	55	DEL	1.28480179686	0	0	519	30.0	1	0.5789473684210527	1	0	0
3	1629482	1629541	59	DEL	0.790931710574	0	26	552	42.0	1	0	0	0	0
3	3723307	3723381	74	DEL	1.15311125063	0	20	642	61.0	1	0.6486486486486487	1	0	1.0
3	6650202	6654630	4428	DEL	0.178253082894	12	4	376	27.0	9	0	0	0	1.0
3	6700872	6701254	382	DEL	0.342046907295	0	46	479	0	0	0	0	0	1.0
3	8325606	8326807	1201	DEL	0.222029122987	18	24	434	26.0	2	0	0	0	1.0
3	11108255	11111870	3615	DEL	0.164124971833	25	24	434	22.5	8	0.2753623188405797	2	0.000829875518672	1.0
3	12196517	12196572	55	DEL	1.1151109935	0	16	474	43.0	1	0.7916666666666666	1	0	0
3	13141433	13142591	1158	DEL	0.0207246354954	18	20	202	0	0	0	0	0	0
3	16239410	16241213	1803	DEL	0.155291084605	8	12	387	19.5	6	0	0	0	0.936
3	18729954	18730777	823	DEL	0.231664323628	20	26	431	32.0	4	0	0	0	0
3	21723722	21725954	2232	DEL	0.17084205945	17	17	444	15.5	2	0	0	0.00403225806452	1.0
3	25030880	25032246	1366	DEL	0.162024370913	18	15	357	13.0	3	0.2692307692307692	1	0.286969253294	1.0
3	26123847	26123975	128	DEL	0.437484102411	0	88	624	0	0	0	0	0	0.056
3	26450940	26452301	1361	DEL	0.192008697409	11	16	391	0	0	0	0	0	1.0
3	26451164	26451660	496	DEL	0.196229428424	0	0	318	0	0	0	0	0	1.0
3	26469887	26469982	95	DEL	0.828040085566	0	32	518	60.0	1	0.6216216216216216	1	0	1.0
3	32102050	32107887	5837	DEL	0.175883049567	10	17	427	11.0	1	4.5	1	0.000685283536063	0
3	32806741	32808056	1315	DEL	0.204808780589	14	0	440	31.0	7	0.8823529411764706	6	0.11102661597	0.907
3	32940758	32940854	96	DEL	0.763861131194	0	32	628	48.0	1	0.45454545454545453	1	0	0.942
3	41336622	41337193	571	DEL	0.207814981847	9	11	404	0	0	0	0	0	1.0
3	45831051	45831105	54	DEL	1.11107073628	0	34	609	55.0	1	0	0	0	0.044
3	47490669	47493444	2775	DEL	0.172966687594	21	24	411	25.0	1	0	0	0.00108108108108	1.0
3	55358446	55358539	93	DEL	0.45876469111	2	60	443	33.0	1	0	0	0	0.693
3	56604704	56604961	257	DEL	0.124509094183	2	62	500	0	0	0	0	0	0
3	65188826	65214723	25897	DEL	0.154915790036	15	15	359	23.0	40	0	0	0.068811059196	1.0
3	68634740	68640254	5514	DEL	0.167567360227	26	24	365	21.0	9	0	0	0.031374682626	1.0
3	68739655	68747879	8224	DEL	0.161310610302	19	16	403	19.0	1	0	0	0	0
3	70013451	70013889	438	DEL	0.493132765144	0	0	561	0	0	0	0	0	0.879
3	73063077	73063554	477	DEL	0.313056408713	6	32	527	0	0	0	0	0	0.783
3	78779425	78779724	299	DEL	0.0847237885861	6	54	411	0	0	0	0	0	0
3	86336090	86336146	56	DEL	0.976155004019	0	6	517	30.0	1	0	0	0	0
3	87482522	87482606	84	DEL	0.999963662654	0	34	588	55.0	2	0.9840881272949817	2	0	1.0
3	88485023	88485081	58	DEL	1.42523556516	0	0	619	39.0	1	1.4375	1	0	0
3	95465761	95468120	2359	DEL	0.188208506239	7	0	391	0	0	0	0	0	1.0
3	98410648	98414803	4155	DEL	0.00641773710488	7	0	215	0	0	0	0	0.0632972322503	0
3	98899063	98902396	3333	DEL	0.00800050935217	22	29	261	0	0	0	0	0.01200120012	0
3	98943804	98949516	5712	DEL	0.178798357982	20	26	481	29.0	16	0.45714285714285713	1	0	0
3	98982423	98982496	73	DEL	1.15064311867	0	18	533	47.0	1	0.42424242424242425	1	0	0
3	99605060	99605113	53	DEL	1.23265960931	0	0	527	32.0	1	0.391304347826087	1	0	0
3	99628781	99629631	850	DEL	0.183522742793	18	17	409	0	0	0	0	0	1.0
3	100521568	100522471	903	DEL	0.209663846581	10	15	476	0	0	0	0	0	1.0
3	104278168	104279030	862	DEL	0.193341775455	14	17	436	26.5	4	0.36363636363636365	3	0	1.0
3	106813625	106813789	164	DEL	0.284542505633	0	98	577	0	0	0	0	0.207317073171	0
3	111243593	111248855	5262	DEL	0.169257754125	9	0	436	21.0	15	0.17489177489177488	4	0.140060813379	1.0
3	118281607	118281829	222	DEL	0.216208359493	4	98	560	0	0	0	0	0	0
3	119893984	119894448	464	DEL	0.143672940036	24	62	288	0	0	0	0	0	0
3	124936320	124937213	893	DEL	0.0253816831133	36	43	230	2.0	14	0	0	0	0
3	128672140	128675334	3194	DEL	0.124395396147	0	0	473	29.0	7	1.3	4	0.805259862242	0
3	130131996	130132924	928	DEL	0.238497080461	16	17	430	30.0	10	0	0	0	0
3	131708252	131713384	5132	DEL	0.156918174134	16	14	420	19.5	16	0	0	0.00175370226033	1.0
3	132776269	132776319	50	DEL	1.49327906956	0	8	659	40.5	2	0.5763546798029556	2	0	0
3	133849758	133849816	58	DEL	1.21834653151	0	14	479	47.0	1	0.6206896551724138	1	0	0.231
3	134673902	134674555	653	DEL	0.204178389516	12	19	372	14.0	1	1.3333333333333333	1	0.716692189893	0
3	136020924	136026326	5402	DEL	0.182888578064	11	12	417	23.5	6	0.6086956521739131	1	0.0303591262495	1.0
3	137314460	137316441	1981	DEL	0.0	28	20	228	0	0	0	0	0.558808682484	0
3	139425868	139425926	58	DEL	1.10340817948	0	2	498	32.0	1	0.6842105263157895	1	0	0.467
3	144888422	144888910	488	DEL	0.229499857003	14	36	429	0	0	0	0	0	1.0
3	146385228	146390409	5181	DEL	0.00463214203893	4	0	267	0	0	0	0	0	0
3	151503209	151503269	60	DEL	0.888856589026	0	40	585	44.0	1	0	0	0	0
3	156092162	156093688	1526	DEL	0.166879038503	15	13	415	0	0	0	0	0	1.0
3	158350719	158351910	1191	DEL	0.192548278731	15	25	385	23.0	5	0	0	0.0016792611251	1.0
3	159257018	159257691	673	DEL	0.257543885379	9	21	415	0	0	0	0	0	1.0
3	159461335	159463463	2128	DEL	0.208012491229	23	13	477	23.5	6	0	0	0.015037593985	0
3	161635511	161635691	180	DEL	0.437021156271	0	44	503	0	0	0	0	0	0
3	162448908	162449811	903	DEL	0.212616858504	13	12	409	29.0	5	0	0	0	1.0
3	162512202	162525833	13631	DEL	0.155424376784	0	0	261	25.0	35	0	0	0	1.0
3	162514471	162625647	111176	DEL	0.127732759719	0	0	322	23.0	203	0	0	0.0137529682665	1.0
3	162525834	162545193	19359	DEL	0.0	0	0	101	0	0	0	0	0.0029443669611	1.0
3	162558858	162601552	42694	DEL	0.152552973628	0	0	276	22.0	109	0	0	0.029418653675	1.0
3	162717258	162723563	6305	DEL	0.00570954668605	15	2	223	0	0	0	0	0.179222839017	0
3	162764905	162769085	4180	DEL	0.00318967675488	20	24	215	0	0	0	0	0	0
3	168738458	168738838	380	DEL	0.0877161107591	11	88	402	0	0	0	0	0	0.712
3	173268419	173268477	58	DEL	1.08042050907	0	6	562	37.0	1	0	0	0	0
3	177294475	177297489	3014	DEL	0.1888893979	22	24	440	23.0	19	0	0	0.0285335102853	0
3	177381336	177385447	4111	DEL	0.139782482317	11	2	397	19.0	9	0	0	0.528825103381	1.0
3	177896496	177896554	58	DEL	1.49419857638	0	14	683	71.0	1	0.6511627906976745	1	0	0.874
3	178550124	178550897	773	DEL	0.241474623151	15	26	425	40.0	1	0.8181818181818182	1	0	1.0
3	179654342	179654808	466	DEL	0.0944171698643	16	94	387	0	0	0	0	0	0
3	180917895	180918620	725	DEL	0.266656976708	10	20	416	0	0	0	0	0	0
3	183876797	183877385	588	DEL	0.27890142972	3	0	405	24.0	13	0.3333333333333333	13	0	0.914
3	184125346	184125555	209	DEL	0.26793284741	2	114	576	0	0	0	0	0	0
3	187732878	187734849	1971	DEL	0.196170784488	8	0	376	18.0	3	0	0	0.0263825469305	0
3	189737175	189740648	3473	DEL	0.182352525102	17	26	479	27.0	7	0	0	0	0.87
3	189995602	189995669	67	DEL	0.636792780197	0	34	661	49.0	1	0	0	0	0
3	190478458	190478634	176	DEL	0.0	4	76	472	0	0	0	0	0	0
3	191141010	191141067	57	DEL	1.42684873501	0	24	573	61.0	1	0.6944444444444444	1	0	0
3	192875329	192885405	10076	DEL	0.15627326791	24	29	421	0	0	0	0	0.00307661770544	1.0
3	194398762	194400296	1534	DEL	0.0112990244368	23	0	194	13.0	3	0	0	0.0019556714472	0
3	194555604	194556262	658	DEL	0.230994645476	14	24	428	0	0	0	0	0.00303951367781	0
3	195198396	195222983	24587	DEL	0.0273305235004	0	0	368	8.0	61	0.6	39	0.964656119087	0
3	195569206	195569923	717	DEL	0.238020174467	11	12	456	0	0	0	0	0	0
3	196055919	196056883	964	DEL	0.257252062591	8	0	473	27.0	4	0.3592105263157894	4	0.108921161826	1.0
3	196934563	196939253	4690	DEL	0.187057879183	20	21	454	33.0	3	0	0	0	1.0
3	197316814	197316891	77	DEL	1.00429250968	0	16	533	44.0	3	0.8695652173913043	3	0	0
4	1086777	1086827	50	DEL	0.373319767391	0	22	463	28.0	1	0	0	0	0
4	1385457	1385532	75	DEL	0.639976744098	0	0	670	47.0	1	0	0	0	0
4	2550339	2551281	942	DEL	0.222214147256	15	1	440	30.0	1	0	0	0	0
4	6651592	6652912	1320	DEL	0.0303019291713	43	38	277	0	0	0	0	0	0
4	6894769	6895995	1226	DEL	0.191401418844	17	19	346	0	0	0	0	0	0
4	6897351	6900401	3050	DEL	0.182288457848	5	0	417	13.0	1	0	0	0.0862295081967	0
4	10211223	10234580	23357	DEL	0.152011715754	21	24	369	21.0	44	0.33333333333333337	2	0.000513764610181	1.0
4	16426943	16426999	56	DEL	1.07138963856	0	22	571	23.0	3	0.7692307692307693	3	0	0
4	22432891	22432952	61	DEL	0.830570911057	0	44	513	44.0	1	0	0	0	0
4	27543891	27543955	64	DEL	0.999963662654	0	22	607	54.0	1	0.9285714285714286	1	0	1.0
4	28421593	28421942	349	DEL	0.290342839968	4	40	500	0	0	0	0	0	1.0
4	34779788	34780532	744	DEL	0.0698899334113	0	0	145	10.0	13	0	0	0.0120967741935	0
4	34779933	34828997	49064	DEL	0.000869580879529	18	0	260	4.0	7	0	0	0.0399682047937	0
4	34781317	34849886	68569	DEL	0.0963471335142	0	0	313	47.0	47	1.4	3	0.0303198238271	0
4	37483080	37483138	58	DEL	0.942494486639	0	14	590	34.0	1	1.4285714285714286	1	0	0.804
4	40024928	40026278	1350	DEL	0.192585594289	20	15	432	30.0	13	0.15384615384615385	13	0	1.0
4	43931499	43931838	339	DEL	0.121922806459	7	90	452	0	0	0	0	0.418879056047	0
4	44971996	44972168	172	DEL	0.232549688989	0	78	448	0	0	0	0	0	0
4	57501858	57501984	126	DEL	0.497336424812	0	18	540	36.0	1	0.38461538461538464	1	0	0.028
4	61330102	61333188	3086	DEL	0.199603893777	22	16	441	26.0	1	0	0	0.273169151005	1.0
4	61939189	61942243	3054	DEL	0.162840622646	16	20	398	15.0	1	0	0	0.0209561231172	1.0
4	65719067	65719554	487	DEL	0.227233357975	8	40	433	0	0	0	0	0	0.587
4	67122071	67123489	1418	DEL	0.245407161215	16	14	452	0	0	0	0	0.691114245416	0
4	68873177	68873246	69	DEL	0.927502527679	0	68	575	62.0	1	0	0	0	0.876
4	69375591	69491543	115952	DEL	0.00274816378472	0	0	209	3.0	40	1.1545454545454545	4	0.584008900235	0
4	69426439	69454553	28114	DEL	0.00331969630247	0	0	35	5.0	27	1.1545454545454545	4	0.382656327808	0
4	69597936	69598288	352	DEL	0.0984812698068	7	74	387	0	0	0	0	0	0
4	70122981	70231746	108765	DEL	0.161921206516	0	0	453	22.0	333	0.6666666666666666	57	0.972721003999	1.0
4	73418754	73418842	88	DEL	0.499981831327	0	70	501	46.0	1	0	0	0	0
4	73831245	73831819	574	DEL	0.0650382870019	20	40	276	26.0	1	0	0	0	0
4	86976375	86979957	3582	DEL	0.168614754953	11	14	400	21.0	5	0	0	0	0
4	91931556	91935838	4282	DEL	0.152259763674	9	15	392	15.0	6	0	0	0.00980850070061	1.0
4	91931666	91933538	1872	DEL	0.155977237978	4	0	336	15.0	3	0	0	0	1.0
4	91933849	91936097	2248	DEL	0.160729627864	33	35	332	13.5	2	0	0	0.0186832740214	1.0
4	94439081	94439177	96	DEL	0.763861131194	0	46	603	55.0	1	0.896551724137931	1	0	0.01
4	101390634	101390812	178	DEL	0.29961458057	0	90	612	3.0	1	0	0	0	0
4	104894032	104894690	658	DEL	0.249231064856	16	26	405	0	0	0	0	0	0.889
4	107437718	107438504	786	DEL	0.264621427267	8	0	457	25.0	1	0	0	0.101781170483	0
4	107604298	107609292	4994	DEL	0.165525956707	11	10	420	21.0	9	0	0	0.158189827793	0
4	111516319	111516509	190	DEL	0.147363066075	2	94	517	0	0	0	0	0	0
4	113348500	113348562	62	DEL	1.0107159601	0	18	652	43.5	2	1.1328502415458939	2	0	0.904
4	115743887	115744132	245	DEL	0.364612600804	2	30	551	0	0	0	0	0.114285714286	1.0
4	115928726	115931880	3154	DEL	0.180927688698	25	20	479	22.0	9	0	0	0.60843373494	1.0
4	116166771	116177284	10513	DEL	0.164108307743	15	11	423	17.0	2	0	0	0.00542185865119	0.233
4	117367804	117368498	694	DEL	0.253593090241	14	14	393	27.0	1	0	0	0	1.0
4	130066189	130068435	2246	DEL	0.185805061686	1	0	475	15.5	2	0	0	0	1.0
4	130175089	130175155	66	DEL	1.1312720224	0	8	625	38.0	1	0	0	0	0
4	131611192	131611360	168	DEL	0.396810977244	2	38	460	28.0	2	1.0	2	0	0
4	133180785	133182979	2194	DEL	0.169547166138	8	0	396	26.5	8	0.16666666666666666	5	0.0788514129444	0.957
4	133445429	133445697	268	DEL	0.407945374814	2	46	560	27.0	1	0	0	0	1.0
4	134132404	134133157	753	DEL	0.120402884569	10	0	287	23.5	6	0.7272727272727273	2	0.358565737052	0
4	145316454	145319900	3446	DEL	0.159019177926	7	9	409	19.5	20	0	0	0.570516540917	1.0
4	146242467	146242537	70	DEL	0.685689368677	0	24	495	28.0	3	0.6470588235294118	3	0	0
4	160670214	160670328	114	DEL	0.362559924471	0	6	501	24.0	1	0	0	0.289473684211	0
4	161026793	161080534	53741	DEL	0.224451133052	0	0	575	32.0	129	0.9807692307692308	28	0.191864684319	0
4	161045732	161073649	27917	DEL	0.165006958936	0	0	330	23.0	54	0	0	0.0746498549271	0
4	162053240	162053669	429	DEL	0.127423497028	6	0	328	0	0	0	0	0	0
4	162053282	162053551	269	DEL	0.0	5	0	326	0	0	0	0	0	0
4	162776133	162776210	77	DEL	0.467515478643	0	38	519	37.0	2	0	0	0	0
4	163394004	163396424	2420	DEL	0.0115698275018	20	23	227	0	0	0	0	0	0
4	164658298	164659132	834	DEL	0.137485011972	15	11	305	7.0	3	4.0	1	0.729016786571	1.0
4	166002564	166005042	2478	DEL	0.0166795122638	19	0	223	7.5	14	0	0	0.0173527037934	0
4	167004317	167004917	600	DEL	0.202214874003	10	25	461	0	0	0	0	0	0.468
4	167892469	167893612	1143	DEL	0.207633166465	14	17	390	31.0	1	0.7222222222222222	1	0	0
4	170278462	170278879	417	DEL	0.297351304962	5	26	474	0	0	0	0	0	0.959
4	171276548	171277692	1144	DEL	0.231926304042	6	0	441	27.5	12	0.14814814814814814	10	0.765734265734	0
4	172988631	172992933	4302	DEL	0.167977779377	22	22	406	20.0	21	0	0	0	1.0
4	173176433	173176487	54	DEL	0.864166128219	0	18	598	38.0	1	0	0	0	0
4	173425034	173433521	8487	DEL	0.00204226505078	43	45	236	0	0	0	0	0.00435960881348	0.049
4	180063822	180064151	329	DEL	0.255309871316	9	31	502	0	0	0	0	0	1.0
4	180097876	180098507	631	DEL	0.0464853683643	40	55	273	0	0	0	0	0	0
4	182056564	182057129	565	DEL	0.0	26	54	263	0	0	0	0	0	0
4	183035425	183035480	55	DEL	1.33328488354	0	2	559	48.0	1	0	0	0	0.18
4	186441632	186444075	2443	DEL	0.0191015026295	34	36	262	0	0	0	0	0	0.479
4	187093487	187098252	4765	DEL	0.165926114573	2	0	360	14.0	3	0	0	0.0121720881427	0.859
4	187213956	187214734	778	DEL	0.166232176996	11	2	302	11.0	1	0	0	0.155526992288	1.0
4	188959366	188959488	122	DEL	0.229499857003	0	60	399	0	0	0	0	0	0
4	190105408	190106160	752	DEL	0.0425516452193	26	0	206	0	0	0	0	0.277925531915	0
4	190302417	190302714	297	DEL	0.0	0	2	217	0	0	0	0	0	0.01
5	608881	608931	50	DEL	1.0932936045	0	16	518	24.0	2	1.1916666666666667	2	0	0
5	654937	655004	67	DEL	1.0546880422	0	6	547	50.0	1	0.42857142857142855	1	0	0.859
5	1178257	1180716	2459	DEL	0.00650647360816	25	30	221	0	0	0	0	0	0
5	1924587	1925201	614	DEL	0.0304006325237	23	23	230	0	0	0	0	0	0
5	2769422	2769638	216	DEL	0.567880598544	2	42	588	0	0	0	0	0	1.0
5	4459411	4459482	71	DEL	0.638474451272	0	28	533	44.0	1	0	0	0	0
5	10273288	10275414	2126	DEL	0.0589505075506	8	0	297	0	0	0	0	0.255879586077	0
5	10574959	10575294	335	DEL	0.119398646287	2	51	497	0	0	0	0	0	0
5	10756185	10756522	337	DEL	0.360026481905	8	44	534	27.0	1	0	0	0	0.919
5	12769656	12769710	54	DEL	0.839475667413	0	32	515	38.0	1	0	0	0	0
5	12811023	12820529	9506	DEL	0.154563427484	18	16	412	23.0	2	0	0	0.01378077004	0.519
5	13399958	13400032	74	DEL	0.468451445568	0	20	441	32.0	1	1.2857142857142858	1	0	1.0
5	16124846	16125527	681	DEL	0.219277396412	15	13	401	0	0	0	0	0	0
5	19375249	19376393	1144	DEL	0.196962539614	12	10	414	23.0	3	0	0	0.106643356643	1.0
5	21450197	21452448	2251	DEL	0.00829230936008	18	0	207	4.0	11	0	0	0	0
5	23903003	23905242	2239	DEL	0.0178644691854	29	2	252	0	0	0	0	0	0.868
5	26186255	26186315	60	DEL	0.8666351743	0	12	472	37.0	1	0.5416666666666666	1	0	0
5	26796753	26801901	5148	DEL	0.171451941123	27	34	464	0	0	0	0	0.025641025641	1.0
5	27524869	27526440	1571	DEL	0.17567789363	21	19	393	0	0	0	0	0	0
5	35196137	35196187	50	DEL	1.01329651149	0	6	580	36.0	1	0	0	0	0
5	35672335	35672394	59	DEL	0.677941466206	0	16	565	29.0	1	0	0	0	0
5	39374343	39374477	134	DEL	0.397995487623	0	34	479	0	0	0	0	0	1.0
5	43523637	43523692	55	DEL	0.896937103471	0	42	602	45.0	1	0	0	0	0
5	46270626	46275825	5199	DEL	0.00410320410398	48	44	274	8.0	3	0	0	0.00980957876515	0
5	53755531	53755619	88	DEL	0.378774114642	0	32	437	33.0	1	0	0	0	0.039
5	54081758	54081907	149	DEL	0.36687704849	0	22	509	0	0	0	0	0	1.0
5	57320371	57338133	17762	DEL	0.126782916805	0	0	554	45.0	31	1.0	11	0.00501069699358	0
5	57323407	57333752	10345	DEL	0.00244875909011	38	39	254	0	0	0	0	0.00860318994683	0
5	58277277	58277329	52	DEL	0.999963662654	0	2	602	28.0	1	0	0	0	0
5	60001696	60003676	1980	DEL	0.170364179563	16	18	389	0	0	0	0	0	1.0
5	63698343	63701359	3016	DEL	0.198931763127	9	14	428	0	0	0	0	0	1.0
5	65028069	65030371	2302	DEL	0.195185493376	28	29	427	19.5	6	0.4	3	0	1.0
5	65613865	65613975	110	DEL	0.448468551736	0	10	551	0	0	0	0	0.0727272727273	0
5	71157674	71157740	66	DEL	0.686843727883	0	52	458	41.0	1	0	0	0	0
5	78109796	78111867	2071	DEL	0.195711542538	20	27	457	22.0	1	0	0	0	0
5	83948134	83955051	6917	DEL	0.00905947513753	0	0	292	6.0	1	0	0	0	0
5	84814477	84814554	77	DEL	0.883084792993	0	32	546	51.0	1	0.8214285714285714	1	0	0.927
5	84822817	84822887	70	DEL	1.14281561446	0	20	577	61.0	1	0.6486486486486487	1	0	1.0
5	86115330	86117863	2533	DEL	0.15317248366	15	23	400	0	0	0	0	0.0730359257797	1.0
5	86246008	86247146	1138	DEL	0.228462699728	20	16	458	17.0	1	0	0	0	1.0
5	87328660	87328807	147	DEL	0.00906996519414	0	74	595	0	0	0	0	0	0
5	90499767	90502128	2361	DEL	0.023717901359	30	42	277	0	0	0	0	0	0
5	95966477	95967328	851	DEL	0.217775086735	10	8	406	0	0	0	0	0	1.0
5	96325017	96325116	99	DEL	0.538700963046	0	42	578	30.0	5	1.0714285714285714	5	0	0
5	97401558	97402759	1201	DEL	0.248672617746	13	20	428	30.0	1	0	0	0	0.952
5	97413946	97414039	93	DEL	0.860183795831	0	50	534	51.0	2	0.8055555555555556	2	0	0
5	98345117	98347479	2362	DEL	0.0	34	38	243	4.0	6	0	0	0.0944115156647	0
5	101693791	101694719	928	DEL	0.188211551448	3	0	358	25.0	1	0	0	0	0
5	104435942	104443142	7200	DEL	0.163512576689	0	0	276	23.0	2	0	0	0	0
5	104480244	104497582	17338	DEL	0.163257804115	0	0	249	23.0	4	0	0	0.0278002076364	0
5	106236884	106239672	2788	DEL	0.176464175762	1	0	354	14.0	2	0	0	0.796987087518	0
5	110694944	110695264	320	DEL	0.31665515984	0	42	582	0	0	0	0	0	0.931
5	112477737	112478297	560	DEL	0.326178623294	25	43	489	22.0	3	0	0	0	0
5	114969401	114969875	474	DEL	0.362856012609	5	0	571	48.0	3	0.6206896551724138	3	0.0379746835443	0
5	117387107	117393891	6784	DEL	0.180811039631	17	13	453	29.0	5	0	0	0	1.0
5	117868219	117868529	310	DEL	0.331170761395	2	32	561	0	0	0	0	0	1.0
5	119380174	119382671	2497	DEL	0.0	38	43	265	0	0	0	0	0	0.049
5	121059232	121060007	775	DEL	0.0	32	46	308	0	0	0	0	0.0606451612903	0
5	124484339	124484391	52	DEL	1.20508441397	0	6	570	33.0	1	0	0	0	0
5	126458368	126458811	443	DEL	0.30698658718	6	44	508	33.0	1	0.7368421052631579	1	0.020316027088	1.0
5	127172319	127173286	967	DEL	0.0537726064716	39	45	266	0	0	0	0	0	0
5	127172367	127172679	312	DEL	0.0	0	0	150	0	0	0	0	0	0
5	127335985	127336914	929	DEL	0.210971881464	16	12	414	16.5	2	0	0	0	0.512
5	130804188	130804274	86	DEL	0.86818550556	0	30	696	53.0	1	0.65625	1	0	0.882
5	135115148	135120700	5552	DEL	0.00432260949274	34	46	215	0	0	0	0	0.00864553314121	0
5	136851113	136857394	6281	DEL	0.194441801197	0	0	572	32.5	16	0.8125	4	0.000318420633657	0
5	136854589	136856557	1968	DEL	0.0379390007511	24	0	258	0	0	0	0	0	0
5	137807355	137817069	9714	DEL	0.173351740571	15	0	495	31.0	10	0.3333333333333333	9	0.0509573810994	1.0
5	141459200	141459505	305	DEL	0.310371235184	0	22	444	0	0	0	0	0.0688524590164	0.916
5	143080256	143080458	202	DEL	0.475230255519	2	44	550	44.0	1	0.375	1	0	1.0
5	144871903	144872807	904	DEL	0.178459591713	15	20	333	0	0	0	0	0	0.87
5	146380181	146380256	75	DEL	0.551091085196	0	48	503	39.0	1	0	0	0	0.573
5	153092141	153092204	63	DEL	0.931183093265	0	14	503	41.0	1	0.782608695652174	1	0	1.0
5	154315917	154316002	85	DEL	0.14117134061	0	50	505	25.0	1	0	0	0	0
5	155311785	155312580	795	DEL	0.211313075882	19	16	396	23.0	1	0	0	0	1.0
5	159742556	159742662	106	DEL	0.56601716754	0	42	561	35.0	1	0.4	1	0	0
5	166294129	166294321	192	DEL	0.340265412986	0	0	513	34.0	1	0	0	0	0
5	166402763	166403636	873	DEL	0.227559504751	19	22	389	17.0	3	0	0	0	0.918
5	167299359	167299582	223	DEL	0.669631869759	0	0	633	36.0	5	1.0	3	0.188340807175	0
5	170129842	170131382	1540	DEL	0.176616958599	5	0	426	15.5	2	0	0	0	0.905
5	177405751	177406551	800	DEL	0.0833303052211	0	0	153	8.0	1	1.6666666666666667	1	0.12	0
5	178109064	178113416	4352	DEL	0.166660610442	14	8	350	19.0	2	0	0	0.01171875	0.679
5	179847334	179848559	1225	DEL	0.220944352129	8	0	432	10.0	7	0.25	5	0.155102040816	0
6	380338	380414	76	DEL	1.78940865949	0	64	1038	95.5	2	0.7964285714285715	2	0	0
6	666377	667821	1444	DEL	0.0	25	27	246	0	0	0	0	0	0
6	2605520	2605580	60	DEL	0.822192344849	0	42	488	35.0	1	0	0	0	0
6	5898451	5898882	431	DEL	0.232010130546	11	38	399	0	0	0	0	0	0.918
6	10264425	10265263	838	DEL	0.0365937378537	16	1	271	5.0	15	0	0	0.287589498807	0
6	13882549	13883852	1303	DEL	0.21795063714	11	13	448	25.0	2	0	0	0.313123561013	0.932
6	14745282	14745689	407	DEL	0.00327588423474	11	56	339	0	0	0	0	0	0.742
6	18402112	18402924	812	DEL	0.041049411439	29	44	289	0	0	0	0	0	0
6	18402131	18402447	316	DEL	0.0	32	66	232	0	0	0	0	0	0
6	18943635	18943685	50	DEL	1.06662790683	0	22	555	57.0	1	0.9655172413793104	1	0	0
6	23743262	23745947	2685	DEL	0.00744851890245	19	27	214	0	0	0	0	0.0256983240223	0
6	29650415	29651090	675	DEL	0.217276055095	11	5	380	17.0	2	0	0	0.194074074074	0.122
6	29899944	29901525	1581	DEL	0.0961381889458	6	11	247	9.5	16	0	0	0.76027830487	1.0
6	30230519	30230591	72	DEL	0.90737443463	0	12	559	49.0	1	0.75	1	0	0.892
6	30886430	30886570	140	DEL	0.409508928515	0	12	550	0	0	0	0	0	1.0
6	31275976	31279146	3170	DEL	0.160246542785	0	0	329	25.0	12	0	0	0.0261829652997	1.0
6	32454946	32478407	23461	DEL	0.0351776711526	6	4	147	14.0	611	1.0526315789473684	69	0.101402327267	0.812
6	32461337	32468848	7511	DEL	0.00443777420962	0	1	131	5.0	4	0	0	0.0844095326854	0.923
6	32499300	32500806	1506	DEL	0.0150503605712	9	1	171	0	0	0	0	0.387118193891	0.019
6	32512660	32513019	359	DEL	0.367674661477	1	14	499	25.0	7	0	0	0.426183844011	0.019
6	32514808	32516265	1457	DEL	0.0896787361611	5	0	329	10.5	50	1.2333333333333334	4	0.169526424159	0.92
6	32623533	32624604	1071	DEL	0.165571325407	9	3	353	21.5	8	0	0	0.553688141923	1.0
6	32624896	32625863	967	DEL	0.201302578073	13	11	330	27.5	4	0	0	0.265770423992	1.0
6	32676558	32677026	468	DEL	0.193725154018	5	32	428	7.5	6	0	0	0.602564102564	0
6	32778682	32779821	1139	DEL	0.0304349490536	24	14	223	0	0	0	0	0	0
6	33026721	33028605	1884	DEL	0.175506715031	9	3	410	0	0	0	0	0.70966029724	1.0
6	33583080	33585984	2904	DEL	0.158396447941	23	19	443	16.0	17	0	0	0.0929752066116	0.936
6	33937733	33943212	5479	DEL	0.196379065708	10	0	487	25.5	2	0	0	0.0140536594269	0.517
6	38071246	38071300	54	DEL	0.913547049832	0	4	509	31.0	1	0	0	0	0
6	38498278	38498415	137	DEL	0.496332328908	0	32	502	0	0	0	0	0.124087591241	0
6	38842014	38842079	65	DEL	0.430753577759	0	18	422	14.0	1	0	0	0	0
6	43614846	43614911	65	DEL	0.90253130578	0	28	538	49.0	1	0.8846153846153846	1	0	0
6	48930367	48938308	7941	DEL	0.16353349409	16	16	415	41.0	1	0.7083333333333334	1	0	1.0
6	51736109	51736805	696	DEL	0.283514601672	13	17	515	25.0	4	0.21875	1	0	0.144
6	53928702	53934820	6118	DEL	0.00174342580391	15	0	240	0	0	0	0	0.00326904217064	0
6	55825924	55846716	20792	DEL	0.159414496945	21	23	412	21.0	25	0	0	0.00197191227395	0
6	55843193	55846437	3244	DEL	0.180840119839	0	0	342	0	0	0	0	0	0
6	57618680	57618879	199	DEL	0.34839604997	0	32	503	23.5	2	0.631578947368421	1	0	1.0
6	57622956	57627965	5009	DEL	0.176475918903	19	0	416	22.0	18	0.3263888888888889	6	0.131363545618	1.0
6	64667011	64668349	1338	DEL	0.17637625141	24	26	363	0	0	0	0	0	0.934
6	65006421	65006515	94	DEL	0.59572303307	0	32	497	31.0	3	0.36363636363636365	3	0	0.898
6	66260136	66262101	1965	DEL	0.0183199449646	22	26	216	21.0	1	0	0	0.841730279898	0
6	66399273	66404615	5342	DEL	0.144509911563	0	0	334	0	0	0	0	0.114189442156	1.0
6	66595036	66595830	794	DEL	0.174636810942	20	22	360	7.5	2	0	0	0.756926952141	1.0
6	67009228	67049033	39805	DEL	0.14449920833	0	0	372	22.0	97	3.0	1	0.0162291169451	0
6	67024956	67027285	2329	DEL	0.172886232215	0	0	298	29.0	2	0	0	0	0
6	67040806	67043182	2376	DEL	0.0	23	24	118	0	0	0	0	0.0652356902357	0.932
6	68499604	68499692	88	DEL	0.681793406355	0	14	468	53.0	1	0.5142857142857142	1	0	1.0
6	72863591	72873663	10072	DEL	0.171161373552	14	13	457	23.0	34	0	0	0.295571882446	1.0
6	73152037	73152154	117	DEL	0.512801878284	0	36	564	19.0	1	0	0	0	0.697
6	74613607	74620405	6798	DEL	0.0041187088194	16	0	262	3.0	8	0	0	0.141512209473	0
6	74832472	74833461	989	DEL	0.21704637639	15	17	435	0	0	0	0	0	1.0
6	74932705	74933071	366	DEL	0.0801428072072	0	64	399	0	0	0	0	0	0.855
6	74932723	74932945	222	DEL	0.0	0	64	407	0	0	0	0	0	0.855
6	77097464	77102643	5179	DEL	0.157296208504	10	12	423	0	0	0	0	0.213747827766	1.0
6	88118173	88118306	133	DEL	0.661630092583	0	48	704	0	0	0	0	0	1.0
6	96580133	96580235	102	DEL	0.326785510671	0	88	541	23.0	1	0	0	0	0
6	100034558	100035368	810	DEL	0.0230444300858	41	51	243	0	0	0	0	0	0
6	101934561	101939028	4467	DEL	0.162668516125	17	18	407	0	0	0	0	0	1.0
6	103737541	103763294	25753	DEL	0.164945662212	17	12	458	22.0	43	2.0	5	0.0283073816643	1.0
6	105260827	105263756	2929	DEL	0.186632571612	17	12	394	26.0	1	0	0	0.00170706725845	1.0
6	119012245	119013925	1680	DEL	0.352368147792	25	16	649	27.0	9	0.9615384615384616	8	0.0142857142857	0
6	126468009	126468247	238	DEL	0.313714090244	0	38	525	0	0	0	0	0	0.959
6	128827727	128829605	1878	DEL	0.18245698353	12	21	408	0	0	0	0	0	0
6	131418012	131418980	968	DEL	0.242415433371	17	19	441	28.0	3	0	0	0	0
6	131440528	131440607	79	DEL	1.04637547822	0	30	586	54.0	2	0.881547619047619	2	0	0.576
6	132106590	132108812	2222	DEL	0.196812530063	20	20	428	23.0	2	0	0	0	1.0
6	132114231	132118559	4328	DEL	0.146328632089	20	16	361	11.0	12	0	0	0	1.0
6	132375191	132378994	3803	DEL	0.169684429038	24	14	390	22.5	6	0	0	0	0
6	132707465	132712439	4974	DEL	0.158149996238	2	0	429	0	0	0	0	0	0
6	134268952	134269719	767	DEL	0.219027242928	23	28	426	0	0	0	0	0	1.0
6	137313691	137314188	497	DEL	0.126085290797	19	66	303	0	0	0	0	0	0
6	141548586	141550030	1444	DEL	0.0267764969686	39	50	230	0	0	0	0	0	0
6	149632778	149632944	166	DEL	0.514037545461	0	44	560	24.5	2	0	0	0	0
6	150302658	150302804	146	DEL	0.520529029875	0	28	606	0	0	0	0	0.00684931506849	1.0
6	151485895	151486930	1035	DEL	0.0257639591022	18	1	241	15.0	5	0	0	0.111111111111	0
6	154463239	154463330	91	DEL	0.380938538154	0	48	445	23.0	1	0.9166666666666666	1	0	0
6	157699892	157703260	3368	DEL	0.19476726921	13	7	400	25.0	1	0	0	0.0172209026128	0
6	161684136	161684238	102	DEL	0.731999543903	0	38	568	0	0	0	0	0	1.0
6	164034953	164035010	57	DEL	1.2865029578	0	4	488	37.0	1	0.9473684210526315	1	0	0
6	164250807	164250915	108	DEL	0.407392603303	2	90	533	0	0	0	0	0	0
6	165724643	165732122	7479	DEL	0.00267405712703	29	34	238	0	0	0	0	0.00026741542987	1.0
6	167488092	167489637	1545	DEL	0.0207112214919	38	38	277	0	0	0	0	0	0.93
6	167488571	167488857	286	DEL	0.0	0	0	0	0	0	0	0	0	0.93
6	167488659	167489084	425	DEL	0.0	0	0	16	0	0	0	0	0	0.93
6	167928592	167928701	109	DEL	0.990789684097	2	46	809	0	0	0	0	0	0
6	170465430	170465493	63	DEL	0.867693336906	0	6	411	34.0	1	0.8888888888888888	1	0	0
7	1185070	1187665	2595	DEL	0.0791236501214	11	16	336	8.5	4	2.75	4	0.918689788054	0
7	3467459	3467519	60	DEL	1.17773498046	0	2	618	45.0	1	0.6071428571428571	1	0	1.0
7	7583520	7584968	1448	DEL	0.0156532065056	7	0	263	2.0	5	0	0	0	0
7	8698628	8698847	219	DEL	0.328755176763	0	74	490	0	0	0	0	0	0
7	10504231	10506240	2009	DEL	0.152640877657	18	17	366	6.0	1	0.5	1	0.813339970134	0
7	10834757	10834879	122	DEL	0.480856843243	0	20	477	34.0	3	1.75	3	0	0
7	13022050	13028604	6554	DEL	0.169254352015	15	16	415	0	0	0	0	0	0
7	14451264	14451430	166	DEL	0.393559995743	0	52	485	0	0	0	0	0	1.0
7	15229698	15229858	160	DEL	0.31665515984	0	48	542	20.5	6	0.46153846153846156	6	0	0
7	15885459	15885880	421	DEL	0.323028641617	6	50	464	28.0	1	0	0	0	0
7	21587706	21587827	121	DEL	0.617057466762	0	18	567	0	0	0	0	0	0.762
7	22434787	22436761	1974	DEL	0.0155347276197	28	29	219	0	0	0	0	0	0
7	23095966	23096018	52	DEL	1.4358452592	0	38	669	59.0	1	0	0	0	0
7	24038171	24040063	1892	DEL	0.186744447219	13	21	445	0	0	0	0	0	1.0
7	28574294	28575147	853	DEL	0.0781526895392	18	0	283	12.0	8	0	0	0	0
7	28596642	28596859	217	DEL	0.307208498511	0	34	573	0	0	0	0	0	0
7	29688451	29690144	1693	DEL	0.155930541607	13	15	345	25.0	3	0.3157894736842105	2	0	1.0
7	31315571	31318949	3378	DEL	0.00236817918923	26	4	177	0	0	0	0	0.0121373593843	0
7	31590266	31591995	1729	DEL	0.192782661009	1	0	442	34.0	1	0.21428571428571427	1	0	1.0
7	33712013	33712074	61	DEL	1.07099933268	0	24	605	34.0	1	0	0	0	0
7	36441167	36441941	774	DEL	0.21704637639	10	0	412	0	0	0	0	0.0206718346253	0.958
7	39380342	39380407	65	DEL	1.41533318406	0	32	647	74.0	1	0.9473684210526315	1	0	1.0
7	47219078	47219174	96	DEL	0.430539910309	0	24	483	28.5	2	0.677536231884058	2	0	0
7	51081675	51081733	58	DEL	0.735605452987	0	26	428	29.0	1	0	0	0	0
7	51594315	51598689	4374	DEL	0.0	41	44	296	0	0	0	0	0.010516689529	0
7	52520168	52520372	204	DEL	0.379071192379	0	30	550	0	0	0	0	0	1.0
7	54370331	54370392	61	DEL	0.78685665258	0	14	594	32.0	1	1.2857142857142858	1	0	0
7	54668977	54669543	566	DEL	0.249696462288	10	16	401	0	0	0	0	0	1.0
7	55971784	55972148	364	DEL	0.21977223355	2	20	463	13.0	1	0	0	0	0.935
7	57957715	57959407	1692	DEL	0.0275797700496	27	0	240	0	0	0	0	0	0
7	61971096	61975635	4539	DEL	0.0381861720335	1	0	187	30.0	17	1.25	15	0.405375633399	0
7	61973193	61975902	2709	DEL	0.0	0	0	89	0	0	0	0	0.551495016611	0
7	62002293	62004875	2582	DEL	0.0201386949876	14	3	281	0	0	0	0	0.00271107668474	0
7	64853214	64853265	51	DEL	1.33328488354	0	8	620	53.0	1	0	0	0	0
7	68129065	68129198	133	DEL	0.491210220251	2	60	494	29.0	1	0	0	0.0225563909774	0
7	71211920	71212966	1046	DEL	0.0101972075223	28	18	187	0	0	0	0	0.71223709369	0
7	72270263	72275846	5583	DEL	0.163585911736	16	6	465	28.0	1	0	0	0.283181085438	1.0
7	73549765	73550955	1190	DEL	0.0168061119774	17	2	262	8.0	16	0	0	0.036974789916	0.647
7	73828493	73831271	2778	DEL	0.0100788274134	30	2	270	9.0	11	0	0	0.00179985601152	0
7	76870544	76870797	253	DEL	0.258225135547	2	10	469	0	0	0	0	0	0.926
7	81358341	81358609	268	DEL	0.283571784932	4	26	479	0	0	0	0	0	1.0
7	81441546	81442495	949	DEL	0.0786764525586	18	0	322	4.0	1	0	0	0.164383561644	0.189
7	82910895	82910958	63	DEL	1.2909583793	0	18	596	61.0	1	0.6486486486486487	1	0	0.901
7	83050175	83051201	1026	DEL	0.176731719455	16	24	412	17.0	2	0	0	0	1.0
7	89156998	89157085	87	DEL	0.521053862532	0	18	469	28.0	3	1.0	3	0	1.0
7	89810410	89812602	2192	DEL	0.177000867295	17	20	406	17.0	7	0	0	0	1.0
7	91214111	91220934	6823	DEL	0.180949992988	6	0	445	23.0	11	0.35294117647058826	10	0.79583760809	0
7	96543286	96546589	3303	DEL	0.150564717396	7	3	379	21.0	32	0.4117647058823529	18	0.00302755071147	0.954
7	97395289	97402641	7352	DEL	0.149613714488	3	0	391	22.0	5	0	0	0	1.0
7	101001253	101005499	4246	DEL	0.135966169235	18	11	378	16.0	4	0.3521739130434783	4	0.466085727744	1.0
7	107818074	107818166	92	DEL	0.666642441769	0	22	519	45.0	2	0.5978260869565217	2	0	0
7	108501444	108501545	101	DEL	0.422426893794	0	90	553	37.0	1	0	0	0	0
7	110181927	110188432	6505	DEL	0.150852832327	27	29	411	19.0	5	6.333333333333333	1	0	1.0
7	120290162	120291382	1220	DEL	0.193435593759	6	3	424	27.0	2	0.19230769230769232	1	0.35	1.0
7	126045887	126051450	5563	DEL	0.00647109326902	33	37	238	4.0	1	0	0	0.266043501708	0
7	127214967	127217988	3021	DEL	0.163295401162	15	15	357	0	0	0	0	0.00463422707713	1.0
7	138322188	138322252	64	DEL	1.22912200201	0	22	582	40.0	5	0.9047619047619048	5	0	0
7	140189249	140190276	1027	DEL	0.20771721652	5	0	391	20.5	6	0	0	0.0204479065239	0
7	141786614	141790767	4153	DEL	0.129379679284	0	0	178	18.0	27	0	0	0	1.0
7	144382749	144382897	148	DEL	0.270260449366	6	100	527	0	0	0	0	0.331081081081	0
7	148063001	148063081	80	DEL	0.0	0	38	365	0	0	0	0	0	0
7	148072910	148076327	3417	DEL	0.00585287481799	30	36	229	0	0	0	0	0.00351185250219	0
7	151230200	151231843	1643	DEL	0.155806876226	23	15	370	11.0	20	0	0	0.0450395617772	0.851
7	153310127	153310817	690	DEL	0.0463751263839	35	47	301	26.0	2	0	0	0.730434782609	0.195
7	155139370	155140881	1511	DEL	0.00352954304047	0	0	95	0	0	0	0	0.18861681006	0
7	155140316	155141440	1124	DEL	0.0	0	0	89	0	0	0	0	0.209074733096	0
7	155926191	155926284	93	DEL	1.07522974479	0	30	650	69.0	1	0.4375	1	0	0.361
7	156387086	156394312	7226	DEL	0.161079117538	12	9	364	29.0	4	0	0	0.141710489898	0.915
7	158029473	158030453	980	DEL	0.164619868274	11	15	335	0	0	0	0	0.901020408163	0
7	158046568	158047317	749	DEL	0.0498424255528	19	0	205	0	0	0	0	0.842456608812	0
8	594395	599417	5022	DEL	0.00876113125384	36	39	181	0	0	0	0	0	0
8	597104	598344	1240	DEL	0.0	0	0	0	0	0	0	0	0	0
8	2122088	2122354	266	DEL	0.280691554429	0	22	424	0	0	0	0	0	0.945
8	2148345	2148431	86	DEL	0.914695443358	0	20	617	56.0	3	0.9310344827586207	3	0	0
8	2778563	2778787	224	DEL	0.232134421687	2	36	448	7.5	2	0	0	0	0.273
8	4122887	4124965	2078	DEL	0.0	36	43	226	12.0	1	0	0	0	0
8	5744849	5744923	74	DEL	0.16215626962	0	36	521	35.0	1	0	0	0.0135135135135	0.055
8	8385998	8386925	927	DEL	0.0359569817567	26	28	251	0	0	0	0	0	0.126
8	11245530	11247217	1687	DEL	0.0173872361813	39	34	230	0	0	0	0	0	0.363
8	15219341	15219425	84	DEL	0.317448781795	2	32	516	25.0	1	0	0	0	0
8	17732990	17733096	106	DEL	0.591173486097	0	38	517	39.0	2	0.5074013157894737	2	0	0
8	19055258	19055530	272	DEL	0.401946178126	2	26	558	32.0	1	0	0	0	0.749
8	23447840	23447890	50	DEL	1.62660755792	0	12	588	44.5	2	0.5615763546798029	2	0	0
8	24972437	24990950	18513	DEL	0.155704743597	18	20	418	22.5	40	0	0	0.0201480041052	0.949
8	25066682	25070659	3977	DEL	0.147509516911	23	25	347	12.0	4	0	0	0	0.873
8	25327221	25327278	57	DEL	0.631555997466	0	40	568	51.0	1	0	0	0	0
8	26879422	26880953	1531	DEL	0.193330662407	12	10	429	26.0	16	0.18518518518518517	9	0.00653167864141	0
8	30603903	30605523	1620	DEL	0.177771317805	9	0	434	21.0	6	0.2857142857142857	5	0.0364197530864	1.0
8	32679960	32691259	11299	DEL	0.00247800535926	23	16	232	0	0	0	0	0.00778829984954	0
8	34426188	34426252	64	DEL	1.02079623896	0	12	591	52.0	1	0.5294117647058824	1	0	1.0
8	37050879	37051853	974	DEL	0.0342218912613	40	59	263	0	0	0	0	0	0.405
8	39195825	39389230	193405	DEL	0.200263312049	0	0	543	26.0	275	1.10727969348659	44	0.0364364933688	1.0
8	39232005	39287823	55818	DEL	0.167848953324	0	0	291	24.0	97	3.6666666666666665	1	0.0378910029023	1.0
8	39303973	39308306	4333	DEL	0.143082730405	0	0	283	19.0	3	0	0	0.000923147934456	1.0
8	39306887	39312031	5144	DEL	0.14981311483	0	0	283	24.0	3	0	0	0	1.0
8	39311276	39321581	10305	DEL	0.184369816501	0	0	293	24.0	34	0	0	0.00126152353227	1.0
8	39737280	39737510	230	DEL	0.249266304314	2	26	456	0	0	0	0	0.0217391304348	0.844
8	39885685	39890841	5156	DEL	0.184373956936	20	11	438	24.0	9	0	0	0.00271528316524	0
8	39976061	39976151	90	DEL	0.725899547704	0	14	467	43.0	1	0.34375	1	0	0.95
8	40469706	40470386	680	DEL	0.221560576235	10	11	399	10.0	1	0	0	0	0.886
8	40774597	40779782	5185	DEL	0.00694285281688	26	0	208	5.5	10	0	0	0.000192864030858	0.501
8	42190387	42194352	3965	DEL	0.00672527053487	27	1	262	4.5	10	0	0	0.0264817150063	0.047
8	46991405	46992654	1249	DEL	0.137705164112	23	5	368	0	0	0	0	0	0
8	46991586	46992440	854	DEL	0.0702550582661	22	5	275	0	0	0	0	0	0
8	47405849	47407908	2059	DEL	0.0291393005144	24	1	288	0	0	0	0	0	0
8	49093381	49093979	598	DEL	0.211809471465	11	13	357	21.0	3	0	0	0	1.0
8	50009190	50009334	144	DEL	0.00925892280235	0	58	433	0	0	0	0	0	0
8	52023761	52024037	276	DEL	0.193229693266	0	60	411	0	0	0	0	0	0
8	56107697	56108054	357	DEL	0.313714090244	6	42	530	0	0	0	0	0	1.0
8	56676277	56676407	130	DEL	0.246144901576	0	78	584	0	0	0	0	0	0
8	61945872	61946021	149	DEL	0.492152138219	0	38	474	0	0	0	0	0	1.0
8	62169158	62169209	51	DEL	2.01299874573	0	2	663	68.0	1	0	0	0	0
8	75362835	75366959	4124	DEL	0.0100222675533	49	53	280	0	0	0	0	0.0232783705141	0
8	84959372	84959555	183	DEL	0.109285646192	0	62	435	0	0	0	0	0	0
8	89351927	89352023	96	DEL	0.430539910309	0	66	549	41.0	1	0	0	0	0
8	94072346	94077192	4846	DEL	0.169205572302	15	14	441	23.0	1	0	0	0	1.0
8	96875231	96879582	4351	DEL	0.155054504958	18	20	373	0	0	0	0	0.00735463111928	1.0
8	103994623	103996788	2165	DEL	0.0677419571313	34	56	350	32.5	2	0	0	0	0
8	110234722	110235045	323	DEL	0.218774299776	2	56	422	0	0	0	0	0	1.0
8	112294057	112297142	3085	DEL	0.00475401417145	33	37	229	0	0	0	0	0.00810372771475	0
8	114862620	114862753	133	DEL	0.611506600721	0	44	504	0	0	0	0	0	0.936
8	114934391	114934683	292	DEL	0.205471985477	4	60	411	0	0	0	0	0	0
8	115079316	115080675	1359	DEL	0.220742530387	14	18	470	28.0	1	0	0	0	1.0
8	115997801	115998360	559	DEL	0.214661251375	11	5	372	0	0	0	0	0.388193202147	0
8	118873794	118875589	1795	DEL	0.173067062877	11	6	397	20.0	3	0	0	0	0.313
8	120154534	120161210	6676	DEL	0.168358172083	17	20	463	27.5	2	0	0	0	1.0
8	127192196	127194569	2373	DEL	0.171366156544	22	21	394	0	0	0	0	0	1.0
8	131850720	131852723	2003	DEL	0.201024480693	12	14	452	0	0	0	0	0	1.0
8	132277657	132280535	2878	DEL	0.185307141562	18	0	462	43.0	10	0.4631336405529954	10	0.804030576789	0
8	138742943	138743864	921	DEL	0.0434294750338	40	38	207	7.5	4	0	0	0	0
8	138743347	138743803	456	DEL	0.0	10	22	129	0	0	0	0	0	0
8	140014070	140014187	117	DEL	0.239307543199	0	12	459	17.0	1	0	0	0	0
8	142398327	142398400	73	DEL	0.876680471368	0	22	566	57.0	1	0.6764705882352942	1	0	0
8	143494784	143495714	930	DEL	0.045876469111	31	50	229	0	0	0	0	0	0
8	144700481	144714696	14215	DEL	0.157949471958	13	16	414	19.5	24	0	0	0.0588111150193	1.0
8	144709682	144710111	429	DEL	0.174041849599	0	0	251	8.0	1	0	0	0.048951048951	1.0
8	145234823	145234878	55	DEL	0.848454016797	0	2	459	20.0	1	0	0	0	0
8	146042931	146043066	135	DEL	0.246904608063	0	90	514	0	0	0	0	0	0.751
8	146057037	146057833	796	DEL	0.0167498100947	36	6	194	0	0	0	0	0.0238693467337	0.486
8	146192869	146193180	311	DEL	0.115751420757	3	82	463	0	0	0	0	0	0.527
9	4376386	4377625	1239	DEL	0.194773659339	10	14	429	21.5	2	0	0	0.0492332526231	0.806
9	5641637	5642808	1171	DEL	0.219747209669	22	24	438	28.0	1	0	0	0	1.0
9	6729099	6730088	989	DEL	0.191432207748	10	8	382	0	0	0	0	0	1.0
9	8640832	8641676	844	DEL	0.197465178249	15	21	388	0	0	0	0	0	1.0
9	10404415	10405176	761	DEL	0.294338844198	10	20	468	47.5	2	0.9170692431561996	2	0	0.876
9	10404562	10405091	529	DEL	0.267161054168	10	20	438	0	0	0	0	0	0.876
9	15602580	15602666	86	DEL	0.697649066968	0	44	577	45.0	1	1.0454545454545454	1	0	0.698
9	15815277	15821947	6670	DEL	0.17750479409	15	20	386	28.5	8	0	0	0.454422788606	1.0
9	17909347	17912848	3501	DEL	0.154997699971	4	0	387	21.0	10	3.725	4	0.405598400457	0.893
9	22496525	22504350	7825	DEL	0.00374853257992	35	31	227	0	0	0	0	0.166645367412	0
9	22653359	22653768	409	DEL	0.309687197888	7	46	549	0	0	0	0	0	0.866
9	23362812	23377678	14866	DEL	0.164665077773	22	23	403	22.0	8	0	0	0.0152697430378	1.0
9	23370987	23372431	1444	DEL	0.194822098633	0	0	304	0	0	0	0	0	1.0
9	29092522	29098026	5504	DEL	0.166902849702	20	17	371	24.5	2	0.5454545454545454	1	0.00708575581395	1.0
9	30004922	30004992	70	DEL	0.819017857031	0	70	693	56.0	1	0	0	0	0
9	31239842	31240052	210	DEL	0.2476100498	0	58	520	17.0	1	0	0	0	0
9	31291353	31292673	1320	DEL	0.222214147256	14	14	431	25.5	2	0.14814814814814814	1	0	1.0
9	33213068	33213929	861	DEL	0.226085473864	10	0	443	18.5	10	0.18823529411764706	10	0	0.88
9	33213125	33213403	278	DEL	0.306943282541	0	0	370	20.5	6	0.16666666666666666	6	0	0.88
9	36008969	36009033	64	DEL	1.04162881526	0	2	603	37.0	1	0	0	0	0
9	36362880	36364079	1199	DEL	0.0311359272219	26	2	265	0	0	0	0	0	0
9	71738119	71743359	5240	DEL	0.00839664144213	37	45	239	0	0	0	0	0.0513358778626	0.446
9	71804520	71804997	477	DEL	0.293490383169	5	28	437	19.0	2	0	0	0.0587002096436	1.0
9	71895338	71896537	1199	DEL	0.0533758752376	23	0	279	0	0	0	0	0.160133444537	0
9	77524150	77524337	187	DEL	0.349363418681	0	4	540	43.0	1	0.8695652173913043	1	0	0
9	83071620	83072069	449	DEL	0.314762132862	10	38	464	27.0	9	0.125	9	0	0.834
9	83967915	83970682	2767	DEL	0.195631970624	12	23	512	7.0	1	0	0	0.0599927719552	0
9	89154576	89155912	1336	DEL	0.0019959354544	24	14	213	0	0	0	0	0	0
9	91501994	91502058	64	DEL	0.645809865464	0	42	554	36.0	1	0	0	0	0
9	92098585	92098649	64	DEL	0.999963662654	0	14	623	45.0	1	0.5517241379310345	1	0	0.79
9	95884696	95884756	60	DEL	0.822192344849	2	0	477	25.5	2	0	0	0	0
9	96500167	96503037	2870	DEL	0.206728840827	19	21	462	2.5	4	0	0	0.148780487805	0
9	101309042	101311668	2626	DEL	0.0157394635909	26	32	257	0	0	0	0	0	0
9	101347967	101348322	355	DEL	0.334260153901	3	38	431	34.0	1	0.4166666666666667	1	0	0
9	104219699	104220378	679	DEL	0.196360071213	14	13	418	22.0	1	0	0	0.0162002945508	1.0
9	104714844	104724482	9638	DEL	0.169185247206	16	23	462	24.5	2	0	0	0	0.347
9	105162485	105162668	183	DEL	0.429856875021	2	46	553	0	0	0	0	0.289617486339	0.938
9	106568286	106569743	1457	DEL	0.172951848311	6	7	366	19.0	3	0.1875	3	0	1.0
9	121371514	121371569	55	DEL	1.33328488354	0	0	559	57.5	2	0.8357142857142857	2	0	0
9	124642001	124642134	133	DEL	0.6917041877	0	36	535	0	0	0	0	0	0
9	131412056	131413976	1920	DEL	0.00763861131194	31	1	176	0	0	0	0	0.01875	0
9	131700957	131702150	1193	DEL	0.0167638501702	17	0	214	2.5	4	0	0	0.035205364627	0
9	132026730	132028136	1406	DEL	0.204828972151	23	27	419	0	0	0	0	0	1.0
9	133030640	133034805	4165	DEL	0.174143331727	14	14	449	21.5	10	0	0	0.021368547419	0
9	135296997	135297073	76	DEL	0.684185663921	0	34	482	32.0	1	0	0	0	0
9	136625167	136626268	1101	DEL	0.127152509329	10	12	272	0	0	0	0	0	0.923
9	138214060	138217603	3543	DEL	0.181760259314	17	20	381	22.5	4	0	0	0	1.0
9	138479100	138480204	1104	DEL	0.154583754613	11	15	339	0	0	0	0	0	0
9	138562333	138562389	56	DEL	0.785685734942	0	10	474	28.0	1	0	0	0	0
9	140253527	140255973	2446	DEL	0.183149517935	14	1	420	13.5	2	0	0	0.0216680294358	0.146
10	1537791	1537898	107	DEL	0.710254564128	0	32	611	0	0	0	0	0	0.789
10	4290058	4291690	1632	DEL	0.0302276597371	35	46	209	11.5	12	0	0	0	0
10	4708523	4710520	1997	DEL	0.18026385506	20	16	414	24.0	3	0	0	0	1.0
10	5889589	5892807	3218	DEL	0.159513573699	11	0	414	0	0	0	0	0.0102548166563	1.0
10	7077041	7078303	1262	DEL	0.166924731853	22	25	376	14.0	2	0	0	0	0.898
10	9436189	9436251	62	DEL	0.81717460604	0	58	607	68.0	1	0	0	0	0
10	10075348	10075398	50	DEL	1.78660174394	2	0	540	38.0	1	0.8095238095238095	1	0	0
10	12596183	12596570	387	DEL	0.110245778484	14	48	315	7.5	6	0	0	0.0542635658915	0
10	18503073	18503589	516	DEL	0.0439260523646	24	39	272	0	0	0	0	0	0
10	19504645	19504784	139	DEL	0.508374811709	0	36	495	0	0	0	0	0	1.0
10	19996544	19998179	1635	DEL	0.191634218735	9	0	379	23.0	5	0.5333333333333333	5	0.0788990825688	1.0
10	23635492	23635621	129	DEL	0.620132503971	0	48	587	34.0	1	0.36	1	0	0.926
10	24376838	24378445	1607	DEL	0.189165496855	14	16	382	0	0	0	0	0.555693839452	0.845
10	29742213	29742935	722	DEL	0.216058630712	9	15	388	16.0	1	0	0	0	1.0
10	29883209	29883264	55	DEL	1.1151109935	0	14	555	47.0	1	1.0434782608695652	1	0	0.656
10	31246748	31251766	5018	DEL	0.188381622644	26	22	489	20.0	6	0	0	0.100637704265	1.0
10	31443354	31444868	1514	DEL	0.17876937342	17	20	370	0	0	0	0	0	1.0
10	31443804	31444139	335	DEL	0.234817337698	0	0	275	0	0	0	0	0	1.0
10	44675233	44675325	92	DEL	0.753595803739	0	30	578	55.0	1	0.5714285714285714	1	0	0.49
10	53203693	53214227	10534	DEL	0.170236203566	11	12	388	0	0	0	0	0	0
10	59209793	59211848	2055	DEL	0.190098525974	14	14	442	37.5	2	0	0	0	1.0
10	59256852	59258100	1248	DEL	0.225419158996	6	7	477	44.0	5	1.1666666666666667	5	0.0544871794872	0
10	65509251	65511405	2154	DEL	0.162172998833	15	5	405	0	0	0	0	0.0153203342618	0
10	66841805	66842061	256	DEL	0.151036178213	4	64	466	0	0	0	0	0	0
10	71280917	71291284	10367	DEL	0.1692488576	18	8	450	25.0	49	0.22727272727272727	17	0.00424423651973	1.0
10	71314957	71315065	108	DEL	0.19752368645	0	44	385	24.5	2	0.9837662337662338	2	0	0
10	72448735	72451343	2608	DEL	0.183019934167	9	8	299	28.5	2	0	0	0	1.0
10	73256581	73256701	120	DEL	0.288878391433	0	60	409	0	0	0	0	0	0
10	78255575	78261021	5446	DEL	0.00979276447696	31	42	235	0	0	0	0	0.0115681233933	0.095
10	81188158	81188234	76	DEL	0.280691554429	0	82	685	60.0	1	0	0	0	0
10	89275802	89276561	759	DEL	0.18093325824	13	14	435	0	0	0	0	0	0.961
10	90795115	90800286	5171	DUP	0.556416317671	0	0	906	70.0	11	0.48936170212765956	11	0	0
10	93633333	93634563	1230	DEL	0.192946918106	8	17	405	0	0	0	0	0	0.953
10	94134432	94137766	3334	DEL	0.140766730356	36	33	341	43.0	2	1.2717086834733893	2	0.835032993401	0
10	95545481	95546492	1011	DEL	0.0	38	38	243	0	0	0	0	0	0.108
10	99034741	99037238	2497	DEL	0.0416484665262	47	46	286	3.0	1	0	0	0.899879855827	0.008
10	99417568	99417626	58	DEL	0.850543805016	2	6	497	27.0	1	0.5882352941176471	1	0	0.727
10	100025125	100025464	339	DEL	0.275309562973	4	28	400	16.0	1	0	0	0	1.0
10	100688639	100702031	13392	DEL	0.16407209439	0	0	336	22.5	24	9.75	2	0.329898446834	1.0
10	105053207	105054215	1008	DEL	0.232795773316	5	0	486	30.0	3	0.1111111111111111	2	0.00198412698413	0
10	107252997	107253348	351	DEL	0.319076724266	2	38	534	0	0	0	0	0	0
10	107950652	107951600	948	DEL	0.0618824207549	37	45	249	0	0	0	0	0	0
10	108030304	108032575	2271	DEL	0.160275989963	15	10	405	0	0	0	0	0	1.0
10	114112179	114116659	4480	DEL	0.0110115046185	38	44	247	0	0	0	0	0.00133928571429	0
10	117711613	117711999	386	DEL	0.359227015254	9	46	526	0	0	0	0	0	0.945
10	121046814	121046865	51	DEL	0.810428066465	0	10	486	29.0	3	0.7058823529411765	3	0	0
10	122226691	122228857	2166	DEL	0.0227754112146	24	0	225	7.5	8	0	0	0.0406278855032	0
10	122701143	122701437	294	DEL	0.149654425703	8	74	381	0	0	0	0	0	0
10	127745180	127745980	800	DEL	0.138328306667	22	22	320	0	0	0	0	0.73	1.0
10	132372179	132372324	145	DEL	0.43216820363	0	26	479	0	0	0	0	0	0.822
10	132635396	132638414	3018	DEL	0.173618608095	1	1	348	23.0	16	0.19934640522875818	6	0	0
10	132988697	132991196	2499	DEL	0.184600468069	16	19	484	26.5	2	0	0	0.0176070428171	1.0
11	190950	191169	219	DEL	1.86903406049	0	93	2382	119.0	1	0.2268041237113402	1	0.114155251142	0
11	677313	677769	456	DEL	0.298234776581	1	0	498	31.0	13	0.25	13	0.0526315789474	1.0
11	4248265	4353229	104964	DEL	0.199362698136	0	0	543	30.0	905	0.5161290322580645	653	0.99764681224	0
11	4264092	4309730	45638	DEL	0.138651344434	0	0	327	23.0	332	0.625	223	0.994587843464	0
11	4272149	4327511	55362	DEL	0.154059163325	0	0	389	26.0	419	0.6666666666666666	295	0.995538455981	0
11	4972926	4973837	911	DEL	0.187333112067	0	0	282	28.0	3	0	0	0	0
11	5760086	5762366	2280	DEL	0.191805895527	22	30	404	23.5	8	0	0	0	1.0
11	6881402	6881922	520	DEL	0.0	4	0	205	0	0	0	0	0	0
11	7790355	7791994	1639	DEL	0.0227772890415	25	0	280	11.0	16	0	0	0.774252593045	0
11	9525772	9526790	1018	DEL	0.172881733425	13	0	355	11.0	2	0.2222222222222222	2	0.166011787819	0.918
11	10260036	10261329	1293	DEL	0.244384004175	13	11	488	0	0	0	0	0.0340293890178	1.0
11	10292738	10293842	1104	DEL	0.264483142658	9	6	463	46.0	1	0.3939393939393939	1	0.972826086957	0
11	11875573	11876539	966	DEL	0.241537116583	19	0	448	29.0	4	0	0	0.105590062112	0
11	16582093	16582183	90	DEL	0.874042312542	0	2	624	0	0	0	0	0	0
11	16996173	16996599	426	DEL	0.350534992855	10	38	505	11.0	1	0	0	0.631455399061	0.903
11	18165198	18165285	87	DEL	0.904181702629	0	36	676	52.0	1	0.4444444444444444	1	0	0
11	22010475	22010544	69	DEL	0.985471435659	0	0	604	45.0	1	0.8	1	0	0
11	22470785	22472850	2065	DEL	0.216941269186	20	26	444	39.0	1	1.2941176470588236	1	0	0
11	25680026	25680080	54	DEL	0.864166128219	0	0	492	13.0	1	0	0	0	0
11	27657262	27657596	334	DEL	0.311365930886	2	44	496	21.0	1	0	0	0	0
11	29007143	29012766	5623	DEL	0.00545359280124	27	1	224	24.0	1	0	0	0.00409034323315	0.505
11	29139370	29140327	957	DEL	0.153251136039	6	0	366	19.0	1	0.35714285714285715	1	0.0365726227795	0
11	29967582	29968470	888	DEL	0.225217041138	20	24	387	0	0	0	0	0	0
11	31393768	31397650	3882	DEL	0.191990275605	13	13	429	0	0	0	0	0	1.0
11	34728119	34728613	494	DEL	0.183529093281	5	19	359	10.0	1	0	0	0	1.0
11	37793218	37793347	129	DEL	0.547783711841	0	44	524	0	0	0	0	0	0
11	41818199	41819025	826	DEL	0.216295610647	10	8	384	0	0	0	0	0.127118644068	0.942
11	43909603	43909911	308	DEL	0.307348138738	2	28	487	0	0	0	0	0	0
11	45429848	45431615	1767	DEL	0.0158454909758	34	43	216	0	0	0	0	0	0.812
11	47057588	47063700	6112	DEL	0.00545355400662	41	44	288	0	0	0	0	0.298265706806	0
11	48734744	48736963	2219	DEL	0.0234331277413	20	0	293	9.0	13	0	0	0.11897251014	0
11	48880634	48881844	1210	DEL	0.104679391683	35	1	353	14.0	16	0	0	0.0148760330579	0
11	50640269	50641124	855	DEL	0.246384808888	17	2	438	29.0	18	0.25	16	0	0
11	51341174	51362976	21802	DEL	0.158939886814	21	7	402	23.0	23	0	0	0.0474268415742	1.0
11	51346696	51348982	2286	DEL	0.168556137945	0	0	282	26.0	5	0	0	0.0494313210849	1.0
11	51577840	51581765	3925	DEL	0.181394682244	14	5	711	23.0	33	1.6666666666666665	8	0.114904458599	0
11	55391325	55395116	3791	DEL	0.193785273234	0	0	307	22.0	2	0	0	0	1.0
11	58166965	58168146	1181	DEL	0.187404987864	17	17	400	0	0	0	0	0.790855207451	0.746
11	58587133	58587988	855	DEL	0.251063001462	12	11	492	35.0	4	0	0	0.538011695906	0
11	58594195	58596027	1832	DEL	0.184855000229	20	17	418	21.0	8	0	0	0.0294759825328	0.899
11	61944785	61945082	297	DEL	0.332198927212	1	34	524	0	0	0	0	0	1.0
11	64268439	64268499	60	DEL	0.911078003751	0	28	513	42.0	1	0	0	0	0
11	65642108	65643520	1412	DEL	0.194516066579	20	20	435	28.0	6	0.16666666666666666	5	0.121813031161	1.0
11	66711479	66713552	2073	DEL	0.186518386988	12	1	433	10.0	3	0	0	0.123492522914	1.0
11	68183089	68183404	315	DEL	0.380938538154	3	8	518	25.0	2	0	0	0.0444444444444	0
11	69400834	69401399	565	DEL	0.0660742951134	28	38	271	22.0	1	0	0	0	0.298
11	81860298	81861052	754	DEL	0.21042559833	0	0	317	0	0	0	0	0	1.0
11	93679228	93681405	2177	DEL	0.1475983725	18	21	382	14.0	19	0.33035714285714285	10	0.947175011484	0
11	94091791	94091841	50	DEL	0.613311046428	0	28	484	48.0	1	0	0	0	0
11	102751102	102752804	1702	DEL	0.182523723775	16	18	396	18.0	1	0	0	0	1.0
11	104267742	104273236	5494	DEL	0.00582432420912	32	27	234	0	0	0	0	0.00182016745541	0
11	107158610	107158665	55	DEL	1.43025105689	0	28	638	62.0	1	0.7714285714285715	1	0	0.709
11	109930919	109930994	75	DEL	0.604422480537	0	34	509	40.0	1	0	0	0	0
11	114397160	114397230	70	DEL	0.704736295585	0	48	539	53.0	1	0	0	0	0
11	123230019	123230075	56	DEL	0.880920369481	0	12	510	40.0	1	1.0	1	0	0
11	124775004	124778380	3376	DEL	0.15560256046	18	21	391	20.0	3	0	0	0.0470971563981	1.0
11	125719438	125719592	154	DEL	0.65798474772	0	56	615	0	0	0	0	0	0.817
11	127787314	127787416	102	DEL	0.653571021342	2	44	669	0	0	0	0	0	0.849
11	134803512	134805507	1995	DEL	0.213191918721	0	0	364	37.0	7	0.48484848484848486	7	0.665664160401	0
12	240152	240208	56	DEL	0.92853768675	0	4	402	16.0	1	0.7777777777777778	1	0	0
12	292172	297979	5807	DEL	0.156586927944	10	8	354	13.0	1	0	0	0.0642328224557	0
12	377419	384772	7353	DEL	0.161923487148	21	25	440	21.0	12	0	0	0	0
12	1028764	1029616	852	DEL	0.0422519857459	28	1	254	5.5	12	0	0	0.06220657277	0
12	1864004	1864320	316	DEL	0.101262143054	4	52	397	6.0	14	0	0	0	0.626
12	2300995	2301051	56	DEL	1.14281561446	0	8	505	34.0	1	0.4782608695652174	1	0	0
12	9016853	9017888	1035	DEL	0.0412223345635	28	2	225	11.0	15	0.7368421052631579	1	0.0289855072464	0
12	9635128	9688881	53753	DEL	0.000793725304136	0	0	0	2.0	3	1.0	3	0	0
12	11341898	11342212	314	DEL	0.335444285986	4	30	583	0	0	0	0	0	1.0
12	12200979	12201101	122	DEL	1.24585636659	0	0	783	38.0	4	0	0	0	0
12	13725912	13726562	650	DEL	0.225632826445	14	17	408	11.0	1	0	0	0.123076923077	1.0
12	13941609	13941706	97	DEL	0.797221889126	0	32	621	64.0	1	0.4222222222222222	1	0	0.728
12	14052329	14052822	493	DEL	0.235285567683	6	30	441	26.0	1	0	0	0	0.885
12	16420132	16421288	1156	DEL	0.184537700144	14	20	443	20.0	1	0	0	0	1.0
12	22047473	22047575	102	DEL	0.509785396647	0	14	542	30.0	2	0.95	2	0	0.783
12	23939446	23940212	766	DEL	0.125321816729	19	25	288	0	0	0	0	0	0.026
12	24460412	24460701	289	DEL	0.341394745266	0	18	463	20.0	4	9.5	2	0	0
12	30371300	30371728	428	DEL	0.280363643735	6	36	442	0	0	0	0	0	1.0
12	34845067	34849183	4116	DEL	0.0136049477912	30	12	294	0	0	0	0	0.0818756073858	0
12	37991227	37994637	3410	DEL	0.0148577201098	21	1	252	0	0	0	0	0.0290322580645	0
12	38009953	38018211	8258	DEL	0.0153381041337	20	0	301	8.5	16	0	0	0.0142891741342	0
12	38084722	38086524	1802	DEL	0.0791684142834	4	0	282	14.5	10	0	0	0	0
12	41183193	41183503	310	DEL	0.270957895687	0	84	460	0	0	0	0	0	0
12	41757437	41757525	88	DEL	0.727246300112	0	28	613	53.5	2	0.8026315789473684	2	0	0.084
12	45903207	45909947	6740	DEL	0.186541193646	21	22	391	26.0	6	0	0	0.00637982195846	1.0
12	45948359	45948444	85	DEL	0.799970930123	0	24	655	40.0	1	0.3333333333333333	1	0	0.389
12	48708487	48711018	2531	DEL	0.16172203052	2	0	415	19.0	7	8.0	1	0.101935993678	1.0
12	51216448	51218462	2014	DEL	0.190658414329	16	0	397	21.0	11	0.2	6	0.0109235352532	0
12	55127306	55127366	60	DEL	1.33328488354	0	12	599	54.0	1	0.6875	1	0	0
12	62295031	62295217	186	DEL	0.157700362569	2	82	499	0	0	0	0	0.456989247312	0
12	71602363	71604480	2117	DEL	0.197756945409	18	12	475	0	0	0	0	0.00850259801606	1.0
12	72356517	72358157	1640	DEL	0.213000389931	13	0	449	50.0	5	0.59375	5	0.0701219512195	0
12	72739802	72739855	53	DEL	1.43391015777	0	16	504	51.0	1	0.9615384615384616	1	0	0
12	74571808	74572021	213	DEL	0.381832760074	0	44	509	22.0	2	0	0	0	1.0
12	84593115	84596020	2905	DEL	0.00917924188322	31	35	279	0	0	0	0	0	0
12	90487031	90491708	4677	DEL	0.171328675434	20	7	357	14.5	18	2.0	7	0	1.0
12	95244023	95244449	426	DEL	0.175267496428	12	72	444	0	0	0	0	0	0
12	96010454	96012414	1960	DEL	0.180265558234	18	21	407	0	0	0	0	0	1.0
12	96233490	96236776	3286	DEL	0.136331016698	18	20	476	22.0	1	0.8333333333333334	1	0.778149726111	0
12	98669930	98672101	2171	DEL	0.171957516071	19	23	375	22.0	7	0	0	0	0.872
12	98955382	98959032	3650	DEL	0.184468182517	11	11	405	0	0	0	0	0.0197260273973	0
12	99793931	99802772	8841	DEL	0.171165970231	16	21	394	28.0	6	0	0	0.00407193756362	1.0
12	100288337	100291779	3442	DEL	0.16269019497	11	6	295	0	0	0	0	0	0
12	102102410	102107115	4705	DEL	0.164358179055	13	14	466	0	0	0	0	0	1.0
12	115023765	115023828	63	DEL	0.61373431147	0	12	614	28.0	1	0	0	0	0
12	122947416	122947466	50	DEL	0.906633720806	0	10	541	31.0	1	1.5833333333333333	1	0	0
12	124795816	124795936	120	DEL	0.444428294513	0	34	456	0	0	0	0	0	0.871
12	126825401	126825492	91	DEL	0.835134487491	0	16	551	56.0	1	0.5135135135135135	1	0	0.667
12	127947266	127947318	52	DEL	1.05124385048	0	12	454	41.0	1	0.782608695652174	1	0	0.861
13	20342595	20343472	877	DEL	0.174832111296	12	0	456	15.5	4	0.25	3	0.0946408209806	0
13	22574676	22574770	94	DEL	0.893584549606	0	32	529	54.0	1	0.7419354838709677	1	0	0.812
13	23632424	23637293	4869	DEL	0.165667971768	4	0	372	24.0	13	0	0	0.0252618607517	0
13	28268151	28269060	909	DEL	0.200946126562	13	20	402	0	0	0	0	0	0.934
13	31043601	31043825	224	DEL	0.374986373495	0	28	477	22.5	2	0.44791666666666663	2	0	1.0
13	31703504	31705692	2188	DEL	0.166965291631	11	11	383	23.0	3	0.21052631578947367	1	0	0
13	34192594	34193335	741	DEL	0.250103372216	21	21	406	0	0	0	0	0	0
13	36806770	36806861	91	DEL	0.747225594071	0	36	545	51.0	1	0.7586206896551724	1	0	0
13	36818914	36818975	61	DEL	1.07099933268	0	18	558	40.0	1	0.6	1	0	0
13	37414451	37414779	328	DEL	0.08536275169	4	48	337	0	0	0	0	0	0
13	39057317	39060204	2887	DEL	0.179649400657	21	26	421	25.0	7	0	0	0	1.0
13	39934236	39935552	1316	DEL	0.213771360507	12	0	466	25.0	5	0.13636363636363635	5	0.0303951367781	1.0
13	45042429	45043106	677	DEL	0.279655027271	18	25	451	0	0	0	0	0	1.0
13	48015694	48015798	104	DEL	0.410241502627	0	14	539	39.0	1	0	0	0	0
13	51069347	51075082	5735	DEL	0.00697446320944	36	38	230	0	0	0	0	0.00976460331299	0
13	55941166	55941469	303	DEL	0.484030815806	1	56	534	0	0	0	0	0	1.0
13	56151096	56151219	123	DEL	0.509466581515	0	20	433	0	0	0	0	0	0.941
13	65637801	65638216	415	DEL	0.173487671593	28	76	376	0	0	0	0	0	0
13	67174780	67177425	2645	DEL	0.15979255504	17	24	404	13.5	2	0	0	0	1.0
13	67950542	67950594	52	DEL	0.666642441769	0	0	493	24.0	1	0	0	0	0
13	70079642	70079696	54	DEL	0.962927971444	0	16	495	38.0	1	0	0	0	0
13	72386637	72386687	50	DEL	1.01329651149	0	4	559	36.0	1	0	0	0	0
13	72477264	72480580	3316	DEL	0.0092477540173	26	28	210	0	0	0	0	0	0
13	72843031	72846923	3892	DEL	0.170600172662	17	17	493	21.5	20	0.07407407407407407	1	0.440647482014	0
13	78997598	78998715	1117	DEL	0.159946440818	9	6	369	22.5	14	0.4375	11	0.00447627573859	0.175
13	79757405	79757461	56	DEL	1.09519829719	2	22	615	44.0	1	0.6296296296296297	1	0	0.632
13	82355641	82355696	55	DEL	0.82421247346	0	0	526	22.0	1	0	0	0	0
13	83165934	83172206	6272	DEL	0.16177133233	19	16	349	0	0	0	0	0	1.0
13	85929515	85929693	178	DEL	0.411970048284	2	40	618	0	0	0	0	0	0.891
13	85936698	85937632	934	DEL	0.18557498379	25	27	380	20.0	3	0.17647058823529413	2	0	1.0
13	92111709	92111830	121	DEL	0.572981933421	0	22	569	0	0	0	0	0	0.565
13	99254021	99258251	4230	DEL	0.168000199273	6	1	400	21.0	14	0.375	2	0.0605200945626	1.0
13	101625773	101625871	98	DEL	0.408148433736	0	60	559	29.0	1	0	0	0	0
13	101894135	101896428	2293	DEL	0.200021805468	20	20	396	34.0	1	0	0	0	1.0
13	104091776	104092258	482	DEL	0.0940491411625	17	88	346	0	0	0	0	0	0
13	106449327	106449921	594	DEL	0.228947909294	15	19	456	28.0	1	0	0	0	0.849
13	108603779	108603844	65	DEL	1.41533318406	0	0	673	50.0	1	0	0	0	0
13	109361752	109362442	690	DEL	0.199026584064	10	12	360	16.0	1	0	0	0	0
13	111703587	111703667	80	DEL	1.69993822651	0	24	643	45.5	2	0.8246753246753247	2	0	0
13	113991046	113991116	70	DEL	0.971393272292	0	16	539	37.0	1	0	0	0	0
13	114505558	114506637	1079	DEL	0.212534754373	10	11	409	0	0	0	0	0	0
14	21778185	21778397	212	DEL	0.371055698721	4	30	552	0	0	0	0	0	0.919
14	21952624	21954666	2042	DEL	0.185432373617	8	8	413	18.5	2	0	0	0.0808031341822	1.0
14	23922251	23922650	399	DEL	0.0969054176005	13	76	412	0	0	0	0	0	0
14	24394552	24394605	53	DEL	0.628907963933	0	4	486	18.0	1	0	0	0	0
14	26283834	26284791	957	DEL	0.220124359038	18	24	450	29.0	1	0	0	0	1.0
14	26821872	26821968	96	DEL	0.611088904955	0	48	541	46.0	1	1.0909090909090908	1	0	1.0
14	29728038	29728802	764	DEL	0.184984551905	15	17	395	20.0	1	0	0	0.692408376963	0
14	33391979	33392320	341	DEL	0.261965065094	2	12	465	22.0	1	0	0	0	1.0
14	34514028	34514838	810	DEL	0.210691932213	12	17	461	0	0	0	0	0	0.63
14	39004499	39005026	527	DEL	0.29600442386	11	20	460	30.0	1	0.2	1	0	0.85
14	40609821	40617662	7841	DEL	0.0	33	40	248	0	0	0	0	0.219359775539	0.829
14	41122391	41122487	96	DEL	0.819414668008	0	46	629	53.0	2	0.680161943319838	2	0	1.0
14	41602366	41602417	51	DEL	0.888856589026	0	0	503	33.0	1	0	0	0	0
14	43899449	43899532	83	DEL	0.803183664782	0	0	543	44.0	1	0	0	0	0
14	59883503	59884059	556	DEL	0.179849579614	4	15	367	7.0	1	0	0	0	1.0
14	60341398	60343244	1846	DEL	0.198620445814	22	26	400	0	0	0	0	0.124593716143	1.0
14	65606353	65608023	1670	DEL	0.213964280712	17	0	404	27.5	12	0.3483709273182957	12	0.0107784431138	1.0
14	68603032	68603740	708	DEL	0.0903921954941	44	45	265	18.5	12	0	0	0.0466101694915	0
14	70658731	70658781	50	DEL	2.21325290667	0	10	567	65.0	5	1.56	5	0	1.0
14	70687829	70689462	1633	DEL	0.21064758111	23	24	415	26.0	4	0	0	0	0.908
14	73997195	74024603	27408	DEL	0.168655089435	1	0	335	20.0	55	0.5	19	0.928852889667	0
14	74239803	74246948	7145	DEL	0.171302382518	17	15	445	15.5	8	0	0	0.0352694191742	1.0
14	78124955	78125062	107	DEL	0.361357585258	2	26	488	0	0	0	0	0	1.0
14	80106272	80115058	8786	DEL	0.160552629955	12	13	455	24.0	2	0	0	0.00512178465741	0
14	82499115	82503327	4212	DEL	0.0	45	59	272	0	0	0	0	0	0
14	85139129	85139627	498	DEL	0.283791561556	14	34	439	19.0	1	0	0	0	1.0
14	94235337	94235393	56	DEL	0.952346345385	0	2	508	31.0	1	0	0	0	0
14	98783966	98785085	1119	DEL	0.169192541075	13	10	436	0	0	0	0	0.56836461126	0.797
14	98822594	98822671	77	DEL	0.883084792993	0	30	539	60.0	1	0.8181818181818182	1	0	0
15	23671395	23674750	3355	DEL	0.0520597078222	3	1	282	22.5	4	0.4444444444444444	3	0.73740685544	0
15	25931435	25932384	949	DEL	0.161567715076	9	7	333	0	0	0	0	0	1.0
15	25931804	25932022	218	DEL	0.269103370989	0	2	250	0	0	0	0	0	1.0
15	27483242	27483346	104	DEL	0.512801878284	0	50	495	0	0	0	0	0	0
15	39372403	39373464	1061	DEL	0.0213627172669	25	1	215	12.0	11	0	0	0.0188501413761	0.913
15	39744385	39744852	467	DEL	0.159879986035	23	102	372	0	0	0	0	0	0
15	40896391	40896443	52	DEL	1.4358452592	0	0	592	40.0	1	0.48148148148148145	1	0	0
15	41604020	41604430	410	DEL	0.276412719758	4	26	493	0	0	0	0	0.0731707317073	0
15	64664107	64664226	119	DEL	0.795489300262	0	18	617	71.0	1	0.775	1	0	0
15	64843787	64844213	426	DEL	0.316107448914	3	34	589	20.5	2	0.47058823529411764	1	0	1.0
15	66706536	66706683	147	DEL	0.616757633201	0	22	489	0	0	0	0	0	1.0
15	71708614	71713685	5071	DEL	0.173003639	4	8	370	31.5	6	0	0	0.0232695720765	0
15	72385965	72388158	2193	DEL	0.022495002595	25	2	289	18.0	15	0	0	0.00729594163247	0
15	77330749	77332719	1970	DEL	0.0	9	9	204	0	0	0	0	0	0
15	79084263	79084355	92	DEL	0.37679790187	0	74	513	33.0	1	0	0	0	0
15	82565779	82567876	2097	DEL	0.220624632612	15	23	542	22.0	1	0	0	0	0
15	84541434	84543838	2404	DEL	0.185240079493	12	14	439	23.0	9	0	0	0	0.9
15	86057007	86059202	2195	DEL	0.19072959154	23	24	420	0	0	0	0	0	1.0
15	93747481	93747545	64	DEL	1.12495912049	0	14	590	41.0	3	1.0588235294117647	3	0	0
15	94933278	94933346	68	DEL	1.03917792393	0	30	475	41.5	6	0.8718181818181818	6	0	0
15	98842312	98843808	1496	DEL	0.165769377231	10	14	391	0	0	0	0	0	1.0
15	99574506	99575633	1127	DEL	0.212947008906	17	6	447	12.0	1	0	0	0	1.0
15	100097884	100097934	50	DEL	1.57327616258	0	6	644	57.0	1	0.6764705882352942	1	0	0
15	101341489	101342374	885	DEL	0.225980488735	18	27	391	0	0	0	0	0	0.904
16	998832	1000718	1886	DEL	0.168251220722	0	0	253	0	0	0	0	0.936373276776	0
16	10924958	10925626	668	DEL	0.279430963616	4	14	458	0	0	0	0	0	0
16	11683732	11685291	1559	DEL	0.176174910846	18	20	393	32.5	6	0.5454545454545454	5	0	1.0
16	13294446	13296481	2035	DEL	0.186070224533	17	13	368	27.0	1	0	0	0	0
16	14075622	14075741	119	DEL	0.627428180489	0	32	563	0	0	0	0	0	1.0
16	19945551	19967585	22034	DEL	0.150973304186	14	19	366	22.0	1	0	0	0.0385313606245	1.0
16	19959365	19966088	6723	DEL	0.147547813975	0	0	279	22.0	1	0	0	0.0367395507958	1.0
16	23047727	23049533	1806	DEL	0.0310066251986	32	37	239	0	0	0	0	0	0
16	23910886	23911192	306	DEL	0.357285491667	4	38	462	15.0	2	0	0	0	0.808
16	25340109	25343128	3019	DEL	0.211099759633	9	14	484	0	0	0	0	0	1.0
16	25639366	25640144	778	DEL	0.262201268871	14	20	406	0	0	0	0	0.0501285347044	0.911
16	26963254	26963386	132	DEL	0.424227008399	0	44	482	0	0	0	0	0	1.0
16	57326358	57328153	1795	DEL	0.171581508689	17	1	379	19.0	2	0	0	0.0278551532033	1.0
16	57725354	57727833	2479	DEL	0.16188735375	16	17	402	0	0	0	0	0	1.0
16	58819558	58819633	75	DEL	0.319988372049	0	32	533	30.0	1	0	0	0	0
16	62544334	62550663	6329	DEL	0.157365114237	19	13	340	16.0	17	0.6	5	0.0120082161479	1.0
16	75429831	75430673	842	DEL	0.248605376147	8	0	435	41.5	4	0.5172413793103449	3	0.0154394299287	0.954
16	76168648	76168753	105	DEL	0.431730343241	0	52	565	0	0	0	0	0	1.0
16	76294912	76295032	120	DEL	0.444428294513	0	48	546	0	0	0	0	0.0416666666667	1.0
16	76539138	76544021	4883	DEL	0.0	35	46	260	0	0	0	0	0.022322342822	0
16	78171653	78172364	711	DEL	0.262531481991	15	26	402	0	0	0	0	0	0.451
16	78876665	78877564	899	DEL	0.188350589777	14	11	378	17.0	3	0	0	0	0
16	80196900	80197002	102	DEL	0.653571021342	0	32	490	46.0	1	0.35294117647058826	1	0	1.0
16	81173808	81174324	516	DEL	0.346240648051	4	0	507	36.0	12	0.125	10	0.0445736434109	0
16	81619267	81619360	93	DEL	0.516110277499	0	24	518	30.5	2	0.32567049808429116	2	0	0
16	82164197	82164444	247	DEL	0.134947862706	0	22	358	0	0	0	0	0	0
16	84501432	84504122	2690	DEL	0.217092482896	13	13	475	27.0	19	0	0	0.0144981412639	1.0
16	85149501	85150074	573	DEL	0.328085809038	5	0	508	38.0	11	0.3103448275862069	11	0.022687609075	0
16	87981799	87981853	54	DEL	1.11107073628	0	42	619	52.0	1	0	0	0	0
17	185812	185874	62	DEL	0.40858730302	0	14	499	21.0	1	0	0	0	0
17	193715	193794	79	DEL	0.388171548372	0	36	395	25.5	2	2.1952380952380954	2	0	0
17	193757	197095	3338	DEL	0.173750426704	17	17	398	22.0	2	4.2	1	0.0473337327741	1.0
17	723720	724862	1142	DEL	0.0221824980624	17	0	235	5.0	4	0	0	0.0569176882662	0
17	1097737	1098192	455	DEL	0.281308458944	0	4	394	27.5	2	0.14583333333333334	2	0	1.0
17	2719916	2721218	1302	DEL	0.207877750659	20	12	443	0	0	0	0	0.00307219662058	0.952
17	3734770	3735834	1064	DEL	0.0413518807864	23	0	263	6.0	11	0	0	0.031015037594	0
17	5595707	5597504	1797	DEL	0.183261750826	11	7	353	0	0	0	0	0	1.0
17	6988699	6989940	1241	DEL	0.196608488064	11	0	433	0	0	0	0	0.0620467365028	0
17	11430197	11430247	50	DEL	1.35995058121	0	28	604	51.0	1	0	0	0	0
17	14189910	14191557	1647	DEL	0.218571292383	11	17	425	30.0	6	0	0	0	1.0
17	17230370	17231247	877	DEL	0.225001325842	11	17	400	0	0	0	0	0	0.936
17	26780360	26783483	3123	DEL	0.128931167092	17	16	376	0	0	0	0	0.287544028178	1.0
17	31477704	31477885	181	DEL	0.375676956135	0	14	521	0	0	0	0	0	0
17	35755635	35760346	4711	DEL	0.118583393378	0	0	466	11.0	11	0	0	0.0212269157291	0.901
17	35755640	35758781	3141	DEL	0.0076406010518	21	1	221	9.0	7	0	0	0.0117796879975	0.901
17	36963475	36964937	1462	DEL	0.181479953368	10	0	397	11.0	6	0.5	6	0.0417236662107	0.794
17	39421554	39432271	10717	DEL	0.0133116994064	20	0	333	15.0	2	0	0	0.608285900905	0
17	51852763	51860720	7957	DEL	0.157172454538	9	0	419	23.0	26	0.5858585858585859	8	0.126555234385	0
17	52705176	52705226	50	DEL	1.57327616258	0	12	599	57.0	1	0.5	1	0	1.0
17	55089734	55092841	3107	DEL	0.160921091512	12	0	420	23.0	3	0	0	0.110074026392	0.863
17	60934361	60934485	124	DEL	0.333321220885	0	38	514	0	0	0	0	0	1.0
17	69334976	69335036	60	DEL	1.48883478662	0	20	640	49.0	1	1.0416666666666667	1	0	0
17	72393115	72393249	134	DEL	0.328346277289	0	84	521	0	0	0	0	0	0
17	76282240	76283435	1195	DEL	0.0357030261701	24	1	258	0	0	0	0	0	0
17	77125448	77125603	155	DEL	0.481702925665	0	56	497	29.0	2	1.105263157894737	1	0	0.906
17	78834683	78835348	665	DEL	0.210518665822	8	12	400	39.0	1	0.3	1	0	1.0
17	79470460	79471473	1013	DEL	0.0355367145662	12	0	205	4.0	8	0	0	0.0236920039487	0
17	81025596	81025682	86	DEL	0.589125878773	0	26	406	35.0	1	0.75	1	0	0
18	2472723	2472837	114	DEL	0.268996072995	0	74	572	0	0	0	0	0	0
18	4955590	4955987	397	DEL	0.352632022095	5	36	507	0	0	0	0	0.0403022670025	1.0
18	5324643	5326242	1599	DEL	0.188444267467	15	17	417	28.0	1	0	0	0	0.949
18	5325026	5325315	289	DEL	0.23067212518	0	0	310	0	0	0	0	0	0.949
18	9225123	9225460	337	DEL	0.245292767891	4	24	540	0	0	0	0	0	1.0
18	9621959	9622233	274	DEL	0.184908122535	2	0	420	0	0	0	0	0.0656934306569	0
18	10222279	10223606	1327	DEL	0.185876189491	13	11	394	22.0	1	0	0	0.23436322532	1.0
18	10797162	10797338	176	DEL	0.765123711576	0	0	662	58.0	3	0.7575757575757576	3	0.414772727273	0
18	13143139	13144147	1008	DEL	0.191791972334	16	20	392	0	0	0	0	0	1.0
18	21990632	21992075	1443	DEL	0.196805045179	12	15	445	15.5	8	0	0	0.0602910602911	1.0
18	23473581	23473650	69	DEL	0.888856589026	0	22	626	55.0	1	0.5277777777777778	1	0	0.936
18	24571615	24572338	723	DEL	0.204695189589	15	10	423	21.0	1	0	0	0	1.0
18	38259899	38266756	6857	DEL	0.165275215256	19	19	417	23.0	27	0	0	0	0.942
18	38864885	38868159	3274	DEL	0.162486459539	20	20	380	0	0	0	0	0	1.0
18	43345201	43345281	80	DEL	0.149994549398	0	48	488	46.0	1	0	0	0	0
18	45379613	45379807	194	DEL	0.130579447357	0	50	473	0	0	0	0	0	0
18	46159351	46159429	78	DEL	0.564082066112	0	28	515	45.0	1	0.9565217391304348	1	0	0
18	46979009	46979603	594	DEL	0.314242228443	6	18	457	0	0	0	0	0.138047138047	0.937
18	47694968	47698389	3421	DEL	0.00896391473878	23	31	196	0	0	0	0	0	0
18	50462570	50463032	462	DEL	0.294361597664	3	28	458	0	0	0	0	0	1.0
18	50612385	50612967	582	DEL	0.00687260249247	3	0	229	0	0	0	0	0.0945017182131	0
18	51952950	51956960	4010	DEL	0.0186194397701	41	35	196	5.0	4	1.3333333333333333	1	0.950872817955	0
18	54244955	54245645	690	DEL	0.222214147256	4	10	408	0	0	0	0	0	0
18	54946735	54948718	1983	DEL	0.0161365795285	37	35	224	0	0	0	0	0	0
18	59672757	59674196	1439	DEL	0.210323605673	8	2	471	32.0	16	0.18518518518518517	13	0.0090340514246	0
18	62996845	62996926	81	DEL	0.70779320978	0	54	510	48.0	1	0	0	0	0.751
18	63723836	63732368	8532	DEL	0.169082775901	11	21	382	26.0	6	0	0	0	1.0
18	63766845	63769201	2356	DEL	0.211650486606	17	16	466	32.0	8	0	0	0	0.942
18	66228960	66229340	380	DEL	0.259639687847	5	32	465	18.0	2	0	0	0	1.0
18	68383989	68387114	3125	DEL	0.194552930206	1	0	406	23.0	7	0	0	0.60832	0
18	70353219	70353421	202	DEL	0.11880756388	0	74	412	0	0	0	0	0	0
18	72779980	72780030	50	DEL	0.853302325465	0	2	471	25.0	1	0	0	0	0
18	73901640	73902034	394	DEL	0.301173488921	6	60	542	33.0	1	0.375	1	0	0
18	74347197	74348009	812	DEL	0.157629739926	16	13	359	0	0	0	0	0.0147783251232	0.711
18	75266983	75268167	1184	DEL	0.0349086413764	36	41	250	0	0	0	0	0	0
18	75267029	75267561	532	DEL	0.0	0	0	111	0	0	0	0	0	0
18	76202129	76203349	1220	DEL	0.218571292383	20	27	442	10.5	2	0	0	0.814754098361	1.0
18	76662372	76666356	3984	DEL	0.171011188627	14	19	406	21.0	9	0	0	0	1.0
18	76664254	76665058	804	DEL	0.184072913026	0	0	295	31.0	3	0	0	0	1.0
18	77057708	77058975	1267	DEL	0.191521585481	18	18	364	0	0	0	0	0	1.0
18	77309946	77312089	2143	DEL	0.0547499158896	5	3	252	0	0	0	0	0	1.0
18	77792972	77793024	52	DEL	1.38456507137	0	14	603	52.0	1	1.08	1	0	0
19	393559	395010	1451	DEL	0.204908703673	3	0	409	0	0	0	0	0.187456926258	0
19	2909164	2910884	1720	DEL	0.0581374222473	16	3	358	14.0	7	0.4117647058823529	1	0.081976744186	0
19	2909363	2910540	1177	DEL	0.0113278239893	16	3	191	0	0	0	0	0.0416312659303	0
19	3711008	3711333	325	DEL	0.155891770998	2	0	412	0	0	0	0	0.0307692307692	0
19	3866386	3866447	61	DEL	1.00542794496	0	2	652	47.0	2	0.6206896551724138	2	0	0
19	11517418	11518619	1201	DEL	0.230910287907	18	18	434	0	0	0	0	0.0316402997502	0
19	12556643	12558236	1593	DEL	0.0209241193273	16	0	209	1.0	10	0	0	0.222222222222	0
19	12694867	12698924	4057	DEL	0.00328638127567	22	3	224	0	0	0	0	0.0369731328568	0
19	13775665	13776831	1166	DEL	0.213828707737	11	0	420	34.0	7	0.21428571428571427	7	0.0171526586621	1.0
19	15046391	15049476	3085	DEL	0.0121011269819	40	52	312	0	0	0	0	0.0278768233387	0
19	15750574	15750640	66	DEL	1.01006430571	0	16	452	42.0	1	0.4482758620689655	1	0	0
19	19258012	19258291	279	DEL	0.143363965972	2	64	439	0	0	0	0	0	0
19	20595835	20717950	122115	DEL	0.158435056668	17	14	421	21.0	294	2.0	1	0.0835442001392	0
19	20638288	20652748	14460	DEL	0.172054605303	0	0	316	22.0	37	2.0	1	0.13948824343	0
19	23465135	23466785	1650	DEL	0.193124295252	8	0	381	22.0	15	0.23529411764705882	12	0	1.0
19	27961358	27963241	1883	DEL	0.0247822469059	28	1	241	9.0	17	0	0	0	0
19	31287472	31289746	2274	DEL	0.169445616246	12	0	361	20.0	7	0.5641025641025641	6	0	0.839
19	35661065	35665796	4731	DEL	0.150491255085	18	14	406	20.0	19	0	0	0	0
19	36662694	36662964	270	DEL	0.390109280739	0	20	531	0	0	0	0	0.292592592593	0
19	36840752	36847074	6322	DEL	0.171880287897	19	16	412	0	0	0	0	0.0374881366656	1.0
19	46278623	46279603	980	DEL	0.179585310844	18	4	400	0	0	0	0	0.212244897959	1.0
19	46314916	46316828	1912	DEL	0.207802769505	7	0	430	23.0	9	0.2777777777777778	6	0.00993723849372	0
19	46622653	46628256	5603	DEL	0.167285253101	21	22	408	23.0	2	0	0	0.303944315545	1.0
19	51077885	51082507	4622	DEL	0.152597945347	12	21	388	16.0	7	1.2125	2	0.00670705322371	0
19	52948969	52949075	106	DEL	0.452813734032	0	82	533	0	0	0	0	0	0
19	53096015	53097618	1603	DEL	0.165516963084	18	18	415	10.0	4	0	0	0.722395508422	0
19	53422195	53424196	2001	DEL	0.00999463930688	38	43	236	0	0	0	0	0.650674662669	0
19	54383503	54383711	208	DEL	0.294861080013	0	0	452	26.0	1	0	0	0	0
19	54810487	54811699	1212	DEL	0.10780686352	11	0	313	12.0	2	0	0	0.0140264026403	0
19	54810732	54811514	782	DEL	0.0477391006894	8	0	219	0	0	0	0	0.0127877237852	0
19	55470570	55472052	1482	DEL	0.217715885166	15	0	468	24.0	1	0	0	0.0472334682861	0
19	56041811	56042147	336	DEL	0.111107073628	0	28	361	0	0	0	0	0.642857142857	0
19	56580958	56581008	50	DEL	1.0932936045	0	2	506	30.0	2	1.0548245614035088	2	0	0
19	57458398	57458462	64	DEL	0.854135628517	0	20	498	30.0	1	2.75	1	0	0
20	594427	594481	54	DEL	1.23452304031	0	18	551	47.0	1	0.8076923076923077	1	0	0.13
20	1069158	1069229	71	DEL	0.826261054587	0	26	537	42.0	1	0.9090909090909091	1	0	0
20	1389096	1390815	1719	DEL	0.193128525888	20	13	438	21.0	7	0	0	0	1.0
20	1560739	1593685	32946	DEL	0.150746257245	6	0	458	22.0	15	0.15789473684210525	11	0.204304012627	1.0
20	1589901	1593853	3952	DEL	0.150466866918	0	0	308	21.0	10	0.15587044534412955	10	0.131072874494	1.0
20	2359923	2360518	595	DEL	0.374216093363	10	24	511	29.5	2	0.8157894736842105	2	0	0
20	9149569	9149622	53	DEL	0.981096423736	0	24	502	39.0	1	1.1666666666666667	1	0	0.829
20	15711606	15712437	831	DEL	0.0	15	0	207	0	0	0	0	0	0
20	16040301	16040395	94	DEL	0.510619742632	2	26	542	42.0	1	0.6153846153846154	1	0	0.868
20	21849902	21850189	287	DEL	0.292672291508	0	40	472	26.0	3	0.3684210526315789	3	0	0
20	23103317	23103618	301	DEL	0.0	6	28	413	0	0	0	0	0	0
20	24903696	24904414	718	DEL	0.0185694273473	28	21	235	0	0	0	0	0.58495821727	0
20	26260600	26261802	1202	DEL	0.215189074381	17	0	455	27.0	10	0.17786561264822134	10	0	0
20	26297587	26302710	5123	DEL	0.00936916958957	22	0	247	14.0	16	0	0	0.105211789967	0
20	31327345	31328020	675	DEL	0.193573212721	10	0	432	21.0	1	0	0	0.0488888888889	0
20	31525529	31529406	3877	DEL	0.171260219758	12	11	434	5.0	1	0	0	0.025793139025	0
20	36750806	36750868	62	DEL	0.924697580519	0	22	585	31.0	3	0.55	3	0	0
20	37055110	37055815	705	DEL	0.217486186676	9	13	398	0	0	0	0	0	1.0
20	38513081	38513177	96	DEL	1.24995457832	0	0	701	45.0	1	0	0	0	0
20	41791262	41791447	185	DEL	0.360347265821	2	30	540	0	0	0	0	0	0.207
20	42271862	42274588	2726	DEL	0.197107046246	10	0	390	20.0	4	0.17647058823529413	4	0.0377842993397	1.0
20	42481288	42483775	2487	DEL	0.201038130811	18	0	446	20.0	3	0	0	0	0
20	44359412	44359524	112	DEL	0.416651526106	0	30	473	0	0	0	0	0.0892857142857	1.0
20	48543735	48543815	80	DEL	0.933299418477	0	34	699	56.0	1	0.696969696969697	1	0	1.0
20	50759193	50760918	1725	DEL	0.0177771317805	24	0	226	6.0	9	0	0	0	0
20	52647000	52658030	11030	DEL	0.186152195888	11	19	439	0	0	0	0	0.00462375339982	1.0
20	56079181	56080566	1385	DEL	0.212747985027	12	0	462	21.0	9	0.3125	7	0.12202166065	0
20	59804673	59804723	50	DEL	0.799970930123	0	26	559	32.0	1	0	0	0	0
20	61304237	61305144	907	DEL	0.20432921589	14	17	361	21.0	1	0	0	0	0
20	61724537	61725820	1283	DEL	0.083135456495	28	26	297	19.0	1	0	0	0	0.02
20	61724701	61725601	900	DEL	0.011851421187	26	26	209	0	0	0	0	0	0.02
20	62267510	62268021	511	DEL	0.276571815372	7	0	466	27.0	2	0	0	0	0
21	16275282	16275361	79	DEL	0.810097144428	0	30	606	53.0	1	1.12	1	0	0.888
21	18612378	18613698	1320	DEL	0.191912218085	17	22	398	32.0	1	0.18518518518518517	1	0	0
21	25710159	25710603	444	DEL	0.231222828902	7	30	404	18.0	1	0	0	0	1.0
21	30552224	30552588	364	DEL	0.168492045722	5	68	319	0	0	0	0	0	0
21	37014963	37015170	207	DEL	0.309167509226	2	82	446	0	0	0	0	0	0
21	39863887	39863992	105	DEL	0.431730343241	0	96	556	0	0	0	0	0	0
21	42054568	42054759	191	DEL	0.209416473854	0	46	455	0	0	0	0	0.0523560209424	0
21	43350074	43353473	3399	DEL	0.147489001533	10	15	363	16.5	10	0	0	0.0311856428361	0
21	44970403	44973398	2995	DEL	0.181184289683	15	22	403	0	0	0	0	0.00333889816361	1.0
21	47388020	47389729	1709	DEL	0.184896733411	5	5	399	23.0	4	0	0	0	0.422
22	17770283	17779065	8782	DEL	0.16502854343	19	18	461	15.0	2	0	0	0.285470280118	0
22	18057747	18060454	2707	DEL	0.0132983715757	16	5	202	0	0	0	0	0.0694495751755	0
22	18977575	18977640	65	DEL	1.06662790683	0	22	528	44.0	1	0.4666666666666667	1	0	1.0
22	19099906	19100607	701	DEL	0.264374606008	18	22	458	0	0	0	0	0	1.0
22	20950623	20953843	3220	DEL	0.171836405798	18	9	406	19.0	7	0	0	0.0434782608696	0
22	23478403	23479634	1231	DEL	0.1949563599	10	0	401	24.0	1	0.3333333333333333	1	0.199025182778	0
22	24054882	24054953	71	DEL	0.826261054587	0	58	834	52.0	1	0	0	0	0.492
22	24276431	24279231	2800	DEL	0.000476173172692	0	0	2	0	0	0	0	0.683214285714	0
22	25576003	25576053	50	DEL	1.03996220916	0	8	480	35.0	1	0.75	1	0	0
22	26891514	26891650	136	DEL	0.627428180489	0	36	437	39.0	4	1.0882352941176472	4	0	0.891
22	30214392	30214448	56	DEL	0.666642441769	0	16	455	23.0	1	1.5555555555555556	1	0	1.0
22	30737506	30737593	87	DEL	0.704955225779	0	22	523	49.0	1	0.6333333333333333	1	0	0.741
22	33751615	33751766	151	DEL	0.414995957128	0	46	567	0	0	0	0	0	0
22	34069804	34069925	121	DEL	0.749284066782	0	0	555	56.0	1	0.696969696969697	1	0	0
22	35645163	35646142	979	DEL	0.250586740113	13	17	424	0	0	0	0	0	1.0
22	37124157	37124258	101	DEL	1.10887059621	0	0	623	48.0	1	0	0	0	0
22	37143062	37147890	4828	DEL	0.0124270546312	26	3	263	24.0	19	0	0	0.00144987572494	0
22	37143105	37144405	1300	DEL	0.0287169051839	0	0	120	24.0	19	0	0	0	0
22	40794210	40795234	1024	DEL	0.166660610442	7	0	381	0	0	0	0	0.0068359375	0
22	43101430	43102189	759	DEL	0.187959792541	11	1	373	23.5	8	0.20526315789473684	8	0	1.0
22	45252401	45253090	689	DEL	0.294135416978	14	7	411	21.0	4	0.23529411764705882	3	0	0
22	47656568	47656640	72	DEL	1.1666242731	0	10	572	53.0	1	0.65625	1	0	0
22	49077605	49077889	284	DEL	0.234733254144	1	30	394	14.0	1	0	0	0	0
22	49750824	49750881	57	DEL	1.05259332911	0	0	529	34.0	1	0.4166666666666667	1	0	0
22	50664005	50664065	60	DEL	0.688863856495	0	8	405	21.0	1	1.1	1	0	0
X	3609471	3609526	55	DEL	0.727246300112	0	12	527	30.0	1	0.875	1	0	0
X	4379954	4380006	52	DEL	0.717922629598	0	22	511	33.0	1	0	0	0	0
X	5055345	5057501	2156	DEL	0.0154601679446	29	32	202	0	0	0	0	0	0
X	9698247	9698417	170	DEL	0.243128419939	0	72	479	0	0	0	0	0	0
X	12434234	12436825	2591	DEL	0.17804576214	14	18	398	0	0	0	0	0.054419143188	0
X	17502753	17502822	69	DEL	0.502397202493	0	34	546	28.0	1	0	0	0	0
X	20886928	20887286	358	DEL	0.42456557744	0	0	486	0	0	0	0	0	0
X	26810528	26821593	11065	DUP	0.484031213482	0	0	687	78.0	11	0.5483193277310925	10	0.00478987799367	0
X	32987321	32989080	1759	DEL	0.020465430276	31	31	218	0	0	0	0	0.0102330869812	0
X	33208976	33209125	149	DEL	0.375825269185	2	16	386	23.5	8	0	0	0	0
X	34438376	34443008	4632	DEL	0.190839351854	9	0	499	23.0	14	0.37037037037037035	3	0.252590673575	0
X	35710355	35710586	231	DEL	0.681071931851	0	36	567	8.5	2	inf	2	0	0
X	43844741	43845580	839	DEL	0.438601463476	0	0	611	0	0	0	0	0	0
X	47093162	47093215	53	DEL	0.654064282491	0	8	528	24.0	1	1.0	1	0	0
X	47353120	47353759	639	DEL	0.423563116367	0	0	561	0	0	0	0	0.0907668231612	0
X	58506835	58527574	20739	DEL	0.107233674996	1	0	217	19.0	2	0	0	0.446260668306	0
X	66103777	66103901	124	DEL	0.623633251978	0	32	533	0	0	0	0	0	0
X	66333799	66333972	173	DEL	0.508652036494	0	26	557	0	0	0	0	0	0
X	67123822	67130299	6477	DEL	0.14882892864	14	14	368	0	0	0	0	0	0
X	69303060	69303274	214	DEL	0.523345468305	2	50	507	26.0	1	0	0	0	0
X	70137290	70139954	2664	DEL	0.148142764838	8	0	332	17.0	11	0	0	0.0315315315315	0
X	71357156	71357534	378	DEL	0.486754798752	0	0	613	40.0	1	0	0	0	0
X	74599737	74599800	63	DEL	0.359775286034	0	28	534	36.0	1	0	0	0	0
X	76030109	76030285	176	DEL	0.424227008399	0	46	573	30.0	1	0.7647058823529411	1	0	0
X	76881496	76881558	62	DEL	1.13974352948	0	16	567	27.0	1	1.0769230769230769	1	0.0806451612903	0
X	77121360	77123888	2528	DEL	0.18617466926	11	1	440	23.0	1	0	0	0	0
X	78192990	78193423	433	DEL	0.557331556398	0	0	688	0	0	0	0	0.196304849885	0
X	78590426	78590497	71	DEL	0.976490337239	0	34	607	48.0	1	0.7142857142857143	1	0	0
X	78921957	78926007	4050	DEL	0.0019752368645	14	0	216	24.0	2	0	0	0.0083950617284	0
X	79846845	79846973	128	DEL	0.697891306227	0	0	496	30.0	3	0.875	3	0	0
X	80407086	80411079	3993	DEL	0.340583666719	0	0	648	26.0	10	1.0416666666666665	10	0.301527673428	0
X	81042501	81043081	580	DEL	0.108042050907	18	30	252	0	0	0	0	0	0
X	81982368	81988139	5771	DEL	0.00947230639838	23	0	239	6.0	8	0	0	0.162190261653	0
X	84482579	84482666	87	DEL	0.781580793798	2	36	523	59.0	1	0.9666666666666667	1	0	0
X	86137692	86137744	52	DEL	1.0768839444	0	34	601	44.0	1	0	0	0	0
X	86286771	86287222	451	DEL	0.239459147598	8	32	497	0	0	0	0	0	0
X	95050841	95051476	635	DEL	0.052491530848	24	34	296	0	0	0	0	0	0
X	99436064	99436117	53	DEL	1.10687801652	0	0	570	26.0	3	0.7142857142857143	3	0	0
X	99510840	99512856	2016	DEL	0.162031149041	9	0	383	23.0	7	0.26136363636363635	2	0.821428571429	0
X	101055330	101067156	11826	DUP	0.47633423245	19	8	698	69.0	37	0.5894736842105264	34	0.768983595468	0
X	101155257	101155309	52	DEL	1.05124385048	0	16	547	45.0	1	0	0	0.0384615384615	0
X	105581887	105582752	865	DEL	0.359139165161	0	0	557	0	0	0	0	0	0
X	108353221	108357383	4162	DEL	0.170104342422	17	11	414	29.0	3	0	0	0.414464199904	0
X	112788553	112788681	128	DEL	0.281239780121	0	74	527	0	0	0	0	0	0
X	116022095	116023545	1450	DEL	0.382514835553	0	0	636	63.0	1	0	0	0	0
X	116610705	116610765	60	DEL	0.844413759574	0	6	451	25.5	2	0.680952380952381	2	0	0
X	118873967	118876560	2593	DEL	0.182536110164	9	0	407	25.5	2	0.3487394957983193	2	0.0636328576938	0
X	122951245	122952841	1596	DEL	0.157888999366	18	22	370	0	0	0	0	0	0
X	122972835	122973660	825	DEL	0.198780655364	9	0	340	0	0	0	0	0	0
X	126597734	126602382	4648	DEL	0.155186558088	15	19	396	20.0	1	0	0	0	0
X	128499485	128499539	54	DEL	1.60487995241	0	0	587	23.0	1	0.9166666666666666	1	0	0
X	128500439	128502436	1997	DEL	0.159566893924	15	15	386	0	0	0	0	0	0
X	130377774	130378680	906	DEL	0.42971212582	0	0	639	0	0	0	0	0	0
X	131089382	131089611	229	DEL	0.663731339403	0	0	591	0	0	0	0	0	0
X	131715059	131715696	637	DEL	0.452102880446	0	0	601	0	0	0	0	0	0
X	137271183	137271406	223	DEL	0.0	0	96	565	0	0	0	0	0	0
X	139502739	139503830	1091	DEL	0.359290335252	0	0	580	0	0	0	0	0.0999083409716	0
X	143778329	143778386	57	DEL	1.2865029578	0	0	542	34.5	2	0.7789473684210526	2	0	0
X	144422074	144424508	2434	DEL	0.0125988300417	30	32	222	0	0	0	0	0.00780608052588	0
X	147509695	147511237	1542	DEL	0.229131319155	14	18	430	0	0	0	0	0	0
X	149927786	149928796	1010	DEL	0.161050253259	21	21	345	16.0	1	0.23076923076923078	1	0	0
X	150293934	150295714	1780	DEL	0.171529347377	18	20	403	0	0	0	0	0.0522471910112	0
X	151982765	151982839	74	DEL	1.27923279367	0	0	559	0	0	0	0	0	0
X	152807507	152807578	71	DEL	0.638474451272	0	0	380	0	0	0	0	0	0
X	153733767	153734279	512	DEL	0.328113076808	0	2	479	0	0	0	0	0	0
X	154285270	154285819	549	DEL	0.279285540268	2	32	400	0	0	0	0	0	0
X	154790161	154790501	340	DEL	0.0470571135366	0	0	140	0	0	0	0	0	0
X	154790197	154802370	12173	DEL	0.000219056088645	0	0	99	0	0	0	0	0.357512527725	0
X	154798201	154803718	5517	DEL	0.0154667813207	0	0	198	3.0	4	0	0	0.904839586732	0
X	154867954	154868024	70	DEL	0.704736295585	0	4	542	12.0	1	1.0	1	0	0
